          dr/r            drho/rho            dp/p              dt/t
     0.00000000E+00   -9.07891173E-04   -1.51318222E-03   -6.05291045E-04        2
     3.14696235E-05   -1.13102326E-03   -1.88507646E-03   -7.54053204E-04        3
     6.67557990E-05   -1.39098570E-03   -2.31835587E-03   -9.27370168E-04        4
     1.07260643E-04   -1.69383844E-03   -2.82312052E-03   -1.12928209E-03        5
     1.53890566E-04   -2.04677005E-03   -3.41135164E-03   -1.36458159E-03        6
     2.07693938E-04   -2.45809009E-03   -4.09689875E-03   -1.63880866E-03        7
     2.69884498E-04   -2.93738282E-03   -4.89573595E-03   -1.95835313E-03        8
     3.41862797E-04   -3.49566359E-03   -5.82622250E-03   -2.33055891E-03        9
     4.25236377E-04   -4.14556621E-03   -6.90941520E-03   -2.76384899E-03       10
     5.21846339E-04   -4.90155113E-03   -8.16941527E-03   -3.26786414E-03       11
     6.33798270E-04   -5.78012023E-03   -9.63372638E-03   -3.85360616E-03       12
     7.63492928E-04   -6.80004739E-03   -1.13336390E-02   -4.53359160E-03       13
     9.13658759E-04   -7.98262374E-03   -1.33046390E-02   -5.32201525E-03       14
     1.08738651E-03   -9.35191496E-03   -1.55868367E-02   -6.23492171E-03       15
     1.28816471E-03   -1.09350217E-02   -1.82254007E-02   -7.29037896E-03       16
     1.51991505E-03   -1.27623495E-02   -2.12710080E-02   -8.50865844E-03       17
     1.78702890E-03   -1.48678780E-02   -2.47802923E-02   -9.91241427E-03       18
     2.09440332E-03   -1.72894242E-02   -2.88162833E-02   -1.15268591E-02       19
     2.44747419E-03   -2.00688886E-02   -3.34488166E-02   -1.33799280E-02       20
     2.85224584E-03   -2.32524915E-02   -3.87549275E-02   -1.55024361E-02       21
     3.31531941E-03   -2.68909906E-02   -4.48192141E-02   -1.79282235E-02       22
     3.84391501E-03   -3.10398470E-02   -5.17341130E-02   -2.06942660E-02       23
     4.44588561E-03   -3.57593769E-02   -5.96001535E-02   -2.38407766E-02       24
     5.12972743E-03   -4.11148575E-02   -6.85261330E-02   -2.74112755E-02       25
     5.90458126E-03   -4.71765820E-02   -7.86292093E-02   -3.14526272E-02       26
     6.78022068E-03   -5.40197974E-02   -9.00347964E-02   -3.60149989E-02       27
     7.76705920E-03   -6.17247290E-02   -1.02876606E-01   -4.11518769E-02       28
     8.87619350E-03   -7.03765288E-02   -1.17296561E-01   -4.69200317E-02       29
     1.01193353E-02   -8.00645330E-02   -1.33443557E-01   -5.33790242E-02       30
     1.15086217E-02   -9.08820656E-02   -1.51473139E-01   -6.05910731E-02       31
     1.30565400E-02   -1.02926102E-01   -1.71546934E-01   -6.86208323E-02       32
     1.47760377E-02   -1.16297534E-01   -1.93833101E-01   -7.75355662E-02       33
     1.66805994E-02   -1.31100092E-01   -2.18504523E-01   -8.74044314E-02       34
     1.87838898E-02   -1.47438715E-01   -2.45736106E-01   -9.82973912E-02       35
     2.10993658E-02   -1.65418867E-01   -2.75703625E-01   -1.10284758E-01       36
     2.36406359E-02   -1.85148994E-01   -3.08587829E-01   -1.23438835E-01       37
     2.64216841E-02   -2.06736815E-01   -3.44568249E-01   -1.37831434E-01       38
     2.94558933E-02   -2.30285698E-01   -3.83817174E-01   -1.53531475E-01       39
     3.27560346E-02   -2.55900161E-01   -4.26508798E-01   -1.70608637E-01       40
     3.63350458E-02   -2.83682773E-01   -4.72814079E-01   -1.89131305E-01       41
     4.02050127E-02   -3.13727212E-01   -5.22889144E-01   -2.09161932E-01       42
     4.43770111E-02   -3.46126921E-01   -5.76889740E-01   -2.30762819E-01       43
     4.88620563E-02   -3.80970904E-01   -6.34964206E-01   -2.53993302E-01       44
     5.36697175E-02   -4.18333585E-01   -6.97236586E-01   -2.78903001E-01       45
     5.88083800E-02   -4.58292359E-01   -7.63835875E-01   -3.05543516E-01       46
     6.42862720E-02   -5.00911660E-01   -8.34869463E-01   -3.33957803E-01       47
     7.01097123E-02   -5.46244326E-01   -9.10425419E-01   -3.64181092E-01       48
     7.62838930E-02   -5.94342406E-01   -9.90590488E-01   -3.96248082E-01       49
     8.28127606E-02   -6.45237047E-01   -1.07541659E+00   -4.30179539E-01       50
     8.96987272E-02   -6.98962830E-01   -1.16496135E+00   -4.65998519E-01       51
     9.69431896E-02   -7.55530453E-01   -1.25924261E+00   -5.03712153E-01       52
     1.04545964E-01   -8.14952734E-01   -1.35828172E+00   -5.43328988E-01       53
     1.12506327E-01   -8.77225867E-01   -1.46207235E+00   -5.84846485E-01       54
     1.20821561E-01   -9.42334092E-01   -1.57058823E+00   -6.28254139E-01       55
     1.29487538E-01   -1.01025562E+00   -1.68379304E+00   -6.73537422E-01       56
     1.38499068E-01   -1.08095611E+00   -1.80162954E+00   -7.20673436E-01       57
     1.47849544E-01   -1.15439206E+00   -1.92402524E+00   -7.69633184E-01       58
     1.57531424E-01   -1.23051459E+00   -2.05089867E+00   -8.20384080E-01       59
     1.67535831E-01   -1.30925795E+00   -2.18214023E+00   -8.72882278E-01       60
     1.77852998E-01   -1.39056198E+00   -2.31764965E+00   -9.27087669E-01       61
     1.88472265E-01   -1.47434219E+00   -2.45728613E+00   -9.82943937E-01       62
     1.99382145E-01   -1.56052195E+00   -2.60092194E+00   -1.04039999E+00       63
     2.10571752E-01   -1.64902297E+00   -2.74842659E+00   -1.09940361E+00       64
     2.22028337E-01   -1.73973233E+00   -2.89961187E+00   -1.15987954E+00       65
     2.33738580E-01   -1.83257902E+00   -3.05435946E+00   -1.22178044E+00       66
     2.45688664E-01   -1.92743022E+00   -3.21244795E+00   -1.28501773E+00       67
     2.57864293E-01   -2.02422640E+00   -3.37377814E+00   -1.34955174E+00       68
     2.70250736E-01   -2.12281316E+00   -3.53809270E+00   -1.41527954E+00       69
     2.82832733E-01   -2.22311456E+00   -3.70526504E+00   -1.48215048E+00       70
     2.95599811E-01   -2.32506308E+00   -3.87518263E+00   -1.55011955E+00       71
     3.08537324E-01   -2.42848001E+00   -4.04754763E+00   -1.61906762E+00       72
     3.21630428E-01   -2.53334782E+00   -4.22233081E+00   -1.68898299E+00       73
     3.34865721E-01   -2.63949586E+00   -4.39924775E+00   -1.75975189E+00       74
     3.48228212E-01   -2.74684914E+00   -4.57817347E+00   -1.83132432E+00       75
     3.61709955E-01   -2.85541907E+00   -4.75912696E+00   -1.90370789E+00       76
     3.75297349E-01   -2.96495807E+00   -4.94169561E+00   -1.97673754E+00       77
     3.88976158E-01   -3.07548648E+00   -5.12591331E+00   -2.05042683E+00       78
     4.02742660E-01   -3.18702461E+00   -5.31181392E+00   -2.12478931E+00       79
     4.16584459E-01   -3.29931056E+00   -5.49896091E+00   -2.19965035E+00       80
     4.30490202E-01   -3.41243528E+00   -5.68750587E+00   -2.27507060E+00       81
     4.44459741E-01   -3.52644776E+00   -5.87753049E+00   -2.35108272E+00       82
     4.58483045E-01   -3.64108000E+00   -6.06858804E+00   -2.42750804E+00       83
     4.72552874E-01   -3.75649464E+00   -6.26094961E+00   -2.50445497E+00       84
     4.86675204E-01   -3.87285068E+00   -6.45488023E+00   -2.58202955E+00       85
     5.00843006E-01   -3.98980215E+00   -6.64980325E+00   -2.66000109E+00       86
     5.15051721E-01   -4.10760075E+00   -6.84613816E+00   -2.73853742E+00       87
     5.29317266E-01   -4.22660323E+00   -7.04447961E+00   -2.81787638E+00       88
     5.43641815E-01   -4.34644825E+00   -7.24422531E+00   -2.89777705E+00       89
     5.58023974E-01   -4.46742171E+00   -7.44585177E+00   -2.97843005E+00       90
     5.72485446E-01   -4.59006160E+00   -7.65025567E+00   -3.06019407E+00       91
     5.87040950E-01   -4.71415010E+00   -7.85707398E+00   -3.14292387E+00       92
     6.01702181E-01   -4.84009464E+00   -8.06698574E+00   -3.22689110E+00       93
     6.16503248E-01   -4.96870248E+00   -8.28133642E+00   -3.31263394E+00       94
     6.31474227E-01   -5.09984653E+00   -8.49991421E+00   -3.40006768E+00       95
     6.46649373E-01   -5.23444901E+00   -8.72425616E+00   -3.48980715E+00       96
     6.62090819E-01   -5.37360791E+00   -8.95619230E+00   -3.58258439E+00       97
     6.77863474E-01   -5.51783619E+00   -9.19657758E+00   -3.67874139E+00       98
     6.94048824E-01   -5.66902165E+00   -9.44855838E+00   -3.77953673E+00       99
     7.10760628E-01   -5.82872254E+00   -9.71473185E+00   -3.88600931E+00      100
     7.28147642E-01   -5.99974382E+00   -9.99977302E+00   -4.00002920E+00      101
     7.46424042E-01   -6.18611697E+00   -1.03104012E+01   -4.12428418E+00      102
     7.65892390E-01   -6.39297853E+00   -1.06551773E+01   -4.26219878E+00      103
     7.87017083E-01   -6.62965115E+00   -1.10496396E+01   -4.41998842E+00      104
     8.10562163E-01   -6.90847020E+00   -1.15143473E+01   -4.60587708E+00      105
     8.37904078E-01   -7.23813255E+00   -1.20637955E+01   -4.82566297E+00      106
     8.72013932E-01   -7.38726633E+00   -1.23123568E+01   -4.92509046E+00      107
     9.21511697E-01   -8.92607272E+00   -1.48770854E+01   -5.95101268E+00      108
     1.00000000E+00
