     0.00000000E+00   -8.38464665E-04   -1.39746906E-03   -5.59004392E-04        2
     2.90717493E-05   -1.04508867E-03   -1.74184929E-03   -6.96760616E-04        3
     6.16952511E-05   -1.28613691E-03   -2.14360439E-03   -8.57467477E-04        4
     9.91899164E-05   -1.56737853E-03   -2.61234980E-03   -1.04497127E-03        5
     1.42417985E-04   -1.89569017E-03   -3.15954680E-03   -1.26385664E-03        6
     1.92383673E-04   -2.27905149E-03   -3.79849511E-03   -1.51944363E-03        7
     2.50250813E-04   -2.72671035E-03   -4.54460814E-03   -1.81789779E-03        8
     3.17367473E-04   -3.24937143E-03   -5.41572736E-03   -2.16635593E-03        9
     3.95296659E-04   -3.85940005E-03   -6.43246206E-03   -2.57306201E-03       10
     4.85844903E-04   -4.57102888E-03   -7.61853383E-03   -3.04750495E-03       11
     5.91089425E-04   -5.40060748E-03   -9.00119249E-03   -3.60058501E-03       12
     7.13413609E-04   -6.36688154E-03   -1.06116815E-02   -4.24479992E-03       13
     8.55548446E-04   -7.49128165E-03   -1.24857191E-02   -4.99443748E-03       14
     1.02061406E-03   -8.79823532E-03   -1.46640188E-02   -5.86578349E-03       15
     1.21216402E-03   -1.03155005E-02   -1.71928447E-02   -6.87734420E-03       16
     1.43423275E-03   -1.20745182E-02   -2.01245995E-02   -8.05008128E-03       17
     1.69138460E-03   -1.41107715E-02   -2.35184228E-02   -9.40765133E-03       18
     1.98876328E-03   -1.64641610E-02   -2.74408171E-02   -1.09766561E-02       19
     2.33214320E-03   -1.91793821E-02   -3.19662761E-02   -1.27868940E-02       20
     2.72798085E-03   -2.23062986E-02   -3.71779078E-02   -1.48716093E-02       21
     3.18346278E-03   -2.59002964E-02   -4.31680241E-02   -1.72677276E-02       22
     3.70654968E-03   -3.00226278E-02   -5.00387138E-02   -2.00160860E-02       23
     4.30601903E-03   -3.47407333E-02   -5.79023802E-02   -2.31616469E-02       24
     4.99150022E-03   -4.01284978E-02   -6.68821673E-02   -2.67536695E-02       25
     5.77349884E-03   -4.62664898E-02   -7.71123585E-02   -3.08458687E-02       26
     6.66341668E-03   -5.32421389E-02   -8.87386729E-02   -3.54965340E-02       27
     7.67355966E-03   -6.11498469E-02   -1.01918450E-01   -4.07686029E-02       28
     8.81712833E-03   -7.00909413E-02   -1.16820572E-01   -4.67296305E-02       29
     1.01082329E-02   -8.01737421E-02   -1.33625576E-01   -5.34518339E-02       30
     1.15619546E-02   -9.15135123E-02   -1.52525571E-01   -6.10120586E-02       31
     1.31942595E-02   -1.04231502E-01   -1.73722644E-01   -6.94911424E-02       32
     1.50217526E-02   -1.18454703E-01   -1.97428453E-01   -7.89737502E-02       33
     1.70615807E-02   -1.34315396E-01   -2.23863471E-01   -8.95480745E-02       34
     1.93315764E-02   -1.51951501E-01   -2.53257566E-01   -1.01306065E-01       35
     2.18503591E-02   -1.71505095E-01   -2.85847542E-01   -1.14342447E-01       36
     2.46368564E-02   -1.93120241E-01   -3.21873505E-01   -1.28753264E-01       37
     2.77097861E-02   -2.16942024E-01   -3.61577272E-01   -1.44635248E-01       38
     3.10881294E-02   -2.43119754E-01   -4.05207693E-01   -1.62087940E-01       39
     3.47914185E-02   -2.71801882E-01   -4.53012197E-01   -1.81210315E-01       40
     3.88384191E-02   -3.03131153E-01   -5.05228692E-01   -2.02097540E-01       41
     4.32471103E-02   -3.37251832E-01   -5.62097629E-01   -2.24845796E-01       42
     4.80357139E-02   -3.74305336E-01   -6.23854703E-01   -2.49549368E-01       43
     5.32213013E-02   -4.14420884E-01   -6.90715287E-01   -2.76294403E-01       44
     5.88195797E-02   -4.57727039E-01   -7.62893656E-01   -3.05166617E-01       45
     6.48461541E-02   -5.04345624E-01   -8.40592851E-01   -3.36247227E-01       46
     7.13146322E-02   -5.54378298E-01   -9.23982309E-01   -3.69604011E-01       47
     7.82369635E-02   -6.07929706E-01   -1.01323644E+00   -4.05306735E-01       48
     8.56247894E-02   -6.65085777E-01   -1.10849846E+00   -4.43412688E-01       49
     9.34870928E-02   -7.25916018E-01   -1.20988423E+00   -4.83968209E-01       50
     1.01831246E-01   -7.90486979E-01   -1.31750465E+00   -5.27017669E-01       51
     1.10662791E-01   -8.58835710E-01   -1.43142148E+00   -5.72585768E-01       52
     1.19985052E-01   -9.31002024E-01   -1.55170107E+00   -6.20699050E-01       53
     1.29799792E-01   -1.00699126E+00   -1.67835233E+00   -6.71361071E-01       54
     1.40106486E-01   -1.08681030E+00   -1.81138673E+00   -7.24576428E-01       55
     1.50903737E-01   -1.17044042E+00   -1.95077305E+00   -7.80332627E-01       56
     1.62187221E-01   -1.25784510E+00   -2.09645043E+00   -8.38605330E-01       57
     1.73950524E-01   -1.34897645E+00   -2.24833906E+00   -8.99362602E-01       58
     1.86185566E-01   -1.44376748E+00   -2.40632725E+00   -9.62559776E-01       59
     1.98882139E-01   -1.54213538E+00   -2.57027704E+00   -1.02814166E+00       60
     2.12028543E-01   -1.64398775E+00   -2.74003437E+00   -1.09604663E+00       61
     2.25611055E-01   -1.74920549E+00   -2.91540078E+00   -1.16619530E+00       62
     2.39614512E-01   -1.85767359E+00   -3.09618457E+00   -1.23851098E+00       63
     2.54022506E-01   -1.96924380E+00   -3.28213865E+00   -1.31289484E+00       64
     2.68817131E-01   -2.08376915E+00   -3.47301804E+00   -1.38924889E+00       65
     2.83980829E-01   -2.20110104E+00   -3.66857510E+00   -1.46747406E+00       66
     2.99493489E-01   -2.32103834E+00   -3.86847461E+00   -1.54743626E+00       67
     3.15333987E-01   -2.44343350E+00   -4.07247061E+00   -1.62903711E+00       68
     3.31480310E-01   -2.56804955E+00   -4.28016819E+00   -1.71211864E+00       69
     3.47909549E-01   -2.69474411E+00   -4.49133001E+00   -1.79658590E+00       70
     3.64598197E-01   -2.82324512E+00   -4.70550265E+00   -1.88225752E+00       71
     3.81521618E-01   -2.95337129E+00   -4.92238392E+00   -1.96901264E+00       72
     3.98661497E-01   -3.08496246E+00   -5.14170694E+00   -2.05674447E+00       73
     4.15993572E-01   -3.21768322E+00   -5.36291263E+00   -2.14522941E+00       74
     4.33492564E-01   -3.35141367E+00   -5.58580116E+00   -2.23438749E+00       75
     4.51136206E-01   -3.48584505E+00   -5.80985794E+00   -2.32401289E+00       76
     4.68899030E-01   -3.62074205E+00   -6.03469078E+00   -2.41394873E+00       77
     4.86763467E-01   -3.75600954E+00   -6.26014109E+00   -2.50413156E+00       78
     5.04705106E-01   -3.89118100E+00   -6.48543137E+00   -2.59425037E+00       79
     5.22698255E-01   -4.02612402E+00   -6.71034090E+00   -2.68421688E+00       80
     5.40732361E-01   -4.16075588E+00   -6.93473183E+00   -2.77397595E+00       81
     5.58783652E-01   -4.29449499E+00   -7.15763480E+00   -2.86313981E+00       82
     5.76827018E-01   -4.42725600E+00   -7.37890758E+00   -2.95165158E+00       83
     5.94855534E-01   -4.55896573E+00   -7.59842819E+00   -3.03946245E+00       84
     6.12846813E-01   -4.68893165E+00   -7.81504238E+00   -3.12611073E+00       85
     6.30778120E-01   -4.81707220E+00   -8.02861424E+00   -3.21154204E+00       86
     6.48648672E-01   -4.94336098E+00   -8.23909975E+00   -3.29573877E+00       87
     6.66440770E-01   -5.06698358E+00   -8.44514152E+00   -3.37815795E+00       88
     6.84131180E-01   -5.18772947E+00   -8.64638871E+00   -3.45865924E+00       89
     7.01720505E-01   -5.30555932E+00   -8.84277571E+00   -3.53721640E+00       90
     7.19199353E-01   -5.41967279E+00   -9.03296865E+00   -3.61329585E+00       91
     7.36546133E-01   -5.52949336E+00   -9.21600659E+00   -3.68651322E+00       92
     7.53757752E-01   -5.63484370E+00   -9.39159399E+00   -3.75675029E+00       93
     7.70833096E-01   -5.73491711E+00   -9.55838635E+00   -3.82346924E+00       94
     7.87756876E-01   -5.82861291E+00   -9.71454914E+00   -3.88593623E+00       95
     8.04524042E-01   -5.91541527E+00   -9.85922262E+00   -3.94380736E+00       96
     8.21135688E-01   -5.99401893E+00   -9.99023136E+00   -3.99621242E+00       97
     8.37580348E-01   -6.06259584E+00   -1.01045285E+01   -4.04193265E+00       98
     8.53853312E-01   -6.11980237E+00   -1.01998746E+01   -4.08007224E+00       99
     8.69948333E-01   -6.16257595E+00   -1.02711653E+01   -4.10858939E+00      100
     8.85848902E-01   -6.18754910E+00   -1.03127881E+01   -4.12523898E+00      101
     9.01545203E-01   -6.19052692E+00   -1.03177512E+01   -4.12722430E+00      102
     9.17010613E-01   -6.16401426E+00   -1.02735626E+01   -4.10954831E+00      103
     9.32196384E-01   -6.09853023E+00   -1.01644203E+01   -4.06589011E+00      104
     9.47030804E-01   -5.97847223E+00   -9.96431967E+00   -3.98584744E+00      105
     9.61383058E-01   -5.77867550E+00   -9.63131846E+00   -3.85264296E+00      106
     9.75020036E-01   -5.45639259E+00   -9.09416954E+00   -3.63777694E+00      107
     9.87485015E-01   -4.92675078E+00   -8.21141553E+00   -3.28466475E+00      108
     9.97818266E-01   -4.00812303E+00   -6.68033865E+00   -2.67221562E+00      109
     1.00372525E+00   -2.40719271E+00   -4.01206809E+00   -1.60487538E+00      110
     1.00000000E+00
