     0.00000000E+00   -2.02225170E-05   -3.31434611E-05   -1.30028792E-05        2
     1.03560902E-06   -2.50854551E-05   -4.13599676E-05   -1.64597033E-05        3
     2.12461757E-06   -3.08036788E-05   -5.06608454E-05   -2.01652034E-05        4
     3.31966905E-06   -3.84087279E-05   -6.10976049E-05   -2.30527343E-05        5
     4.69374441E-06   -4.39737442E-05   -7.26254667E-05   -2.87502470E-05        6
     6.11911581E-06   -5.13494277E-05   -8.56468268E-05   -3.41260744E-05        7
     7.67215091E-06   -6.16028084E-05   -1.00344954E-04   -3.93581735E-05        8
     9.46506184E-06   -6.87486874E-05   -1.16734682E-04   -4.64104134E-05        9
     1.13152568E-05   -7.64117866E-05   -1.35105288E-04   -5.42858865E-05       10
     1.32358587E-05   -9.51721446E-05   -1.56056857E-04   -6.18364339E-05       11
     1.57095494E-05   -1.09396531E-04   -1.79484345E-04   -7.09536100E-05       12
     1.84463776E-05   -1.17284556E-04   -2.05366946E-04   -7.59382034E-05       13
     2.11278229E-05   -1.43285172E-04   -2.34467547E-04   -9.26152266E-05       14
     2.45326709E-05   -1.63186133E-04   -2.67013693E-04   -1.05302816E-04       15
     2.82875456E-05   -1.98942160E-04   -3.02357693E-04   -1.05404954E-04       16
     3.29870723E-05   -2.09178212E-04   -3.41631249E-04   -1.34544820E-04       17
     3.74457871E-05   -1.94635280E-04   -3.84495725E-04   -1.54876225E-04       18
     4.07122862E-05   -2.65563688E-04   -4.33190554E-04   -1.70282502E-04       19
     4.62976696E-05   -2.88467178E-04   -4.87230870E-04   -1.93147987E-04       20
     5.20078664E-05   -3.47202950E-04   -5.45647000E-04   -2.01916080E-04       21
     5.91607962E-05   -3.75081616E-04   -6.10568031E-04   -2.39443022E-04       22
     6.64038073E-05   -4.12685700E-04   -6.80220835E-04   -2.67333581E-04       23
     7.40688921E-05   -4.66970578E-04   -7.58166622E-04   -2.95865750E-04       24
     8.26777433E-05   -4.64853810E-04   -8.41623947E-04   -3.35732713E-04       25
     9.01481318E-05   -6.08278705E-04   -9.36100930E-04   -3.33905012E-04       26
     1.01556617E-04   -5.99878158E-04   -1.03855827E-03   -4.11911889E-04       27
     1.11329452E-04   -7.08457231E-04   -1.14890824E-03   -4.47535578E-04       28
     1.23489203E-04   -7.07381696E-04   -1.27158051E-03   -5.06102572E-04       29
     1.34223821E-04   -9.02613765E-04   -1.40472145E-03   -5.11133825E-04       30
     1.49862938E-04   -9.51877162E-04   -1.55124138E-03   -6.06350336E-04       31
     1.65294511E-04   -1.05651909E-03   -1.70841951E-03   -6.62465608E-04       32
     1.82218623E-04   -1.01955402E-03   -1.88045997E-03   -7.47815220E-04       33
     1.96250173E-04   -1.28399673E-03   -2.07088995E-03   -8.01254387E-04       34
     2.16537820E-04   -1.24264061E-03   -2.27680374E-03   -9.02235821E-04       35
     2.33560184E-04   -1.55712588E-03   -2.50520692E-03   -9.67099734E-04       36
     2.57754430E-04   -1.70739573E-03   -2.74911434E-03   -1.05915477E-03       37
     2.83731764E-04   -1.88248999E-03   -3.01998442E-03   -1.16369926E-03       38
     3.11972239E-04   -2.05701305E-03   -3.30652621E-03   -1.27008329E-03       39
     3.42210476E-04   -2.16186533E-03   -3.62467514E-03   -1.40941771E-03       40
     3.72377403E-04   -2.47037034E-03   -3.96246616E-03   -1.51679953E-03       41
     4.07815582E-04   -2.70541738E-03   -4.32802668E-03   -1.66121406E-03       42
     4.46070300E-04   -2.81653045E-03   -4.73212073E-03   -1.82956886E-03       43
     4.83694952E-04   -3.22663829E-03   -5.16156322E-03   -1.96719131E-03       44
     5.28265366E-04   -3.54582098E-03   -5.63309491E-03   -2.15438907E-03       45
     5.76832060E-04   -3.85624647E-03   -6.13876209E-03   -2.33565586E-03       46
     6.28788844E-04   -4.30781277E-03   -6.67920028E-03   -2.42047100E-03       47
     6.87215969E-04   -3.91063716E-03   -7.27053331E-03   -2.86270254E-03       48
     7.31269438E-04   -4.76363454E-03   -7.91213289E-03   -3.02889163E-03       49
     7.91750663E-04   -5.31710139E-03   -8.60579126E-03   -3.28882994E-03       50
     8.60156106E-04   -5.70202185E-03   -9.36077966E-03   -3.75915162E-03       51
     9.31882497E-04   -6.42124528E-03   -1.01696670E-02   -3.82728837E-03       52
     1.01422210E-03   -6.63517555E-03   -1.10333166E-02   -4.39522144E-03       53
     1.09487290E-03   -7.61741371E-03   -1.19754850E-02   -4.50975519E-03       54
     1.19104177E-03   -8.25509854E-03   -1.29928170E-02   -4.87089872E-03       55
     1.29379433E-03   -8.09813019E-03   -1.40713638E-02   -5.37791029E-03       56
     1.38530472E-03   -9.20198967E-03   -1.52355020E-02   -5.79748677E-03       57
     1.49360678E-03   -1.05453651E-02   -1.65117159E-02   -6.17432627E-03       58
     1.62234697E-03   -1.10587024E-02   -1.78756271E-02   -6.78772462E-03       59
     1.75235619E-03   -1.17502566E-02   -1.93073186E-02   -7.28578145E-03       60
     1.88722002E-03   -1.33871311E-02   -2.08797777E-02   -7.76038918E-03       61
     2.04594543E-03   -1.39803455E-02   -2.25645241E-02   -8.45656588E-03       62
     2.20533571E-03   -1.38552017E-02   -2.43392400E-02   -9.27641132E-03       63
     2.35087682E-03   -1.67712952E-02   -2.62725609E-02   -9.72967976E-03       64
     2.54416752E-03   -1.56567507E-02   -2.83426660E-02   -1.09465674E-02       65
     2.70203446E-03   -1.94984170E-02   -3.05381972E-02   -1.13803370E-02       66
     2.92375275E-03   -1.81155217E-02   -3.29398404E-02   -1.35200798E-02       67
     3.10363549E-03   -1.97397694E-02   -3.54880814E-02   -1.36025367E-02       68
     3.30215586E-03   -2.06223145E-02   -3.82538213E-02   -1.60709969E-02       69
     3.50380017E-03   -2.49633839E-02   -4.11930088E-02   -1.53474197E-02       70
     3.77267146E-03   -2.88197724E-02   -4.43657291E-02   -1.61340111E-02       71
     4.09465440E-03   -2.83281229E-02   -4.77124883E-02   -1.77824993E-02       72
     4.38652396E-03   -3.32308553E-02   -5.12979065E-02   -1.88487645E-02       73
     4.74753036E-03   -3.24181730E-02   -5.50959182E-02   -2.04696342E-02       74
     5.07069706E-03   -3.57812036E-02   -5.91499334E-02   -2.17774473E-02       75
     5.43218162E-03   -3.51776959E-02   -6.34582645E-02   -2.41739019E-02       76
     5.76009809E-03   -4.07283119E-02   -6.80695187E-02   -2.49937771E-02       77
     6.16250369E-03   -4.16168713E-02   -7.29825445E-02   -2.73290021E-02       78
     6.55467243E-03   -4.69836130E-02   -7.81544598E-02   -2.87208801E-02       79
     7.01228186E-03   -5.55792882E-02   -8.37248351E-02   -2.98367837E-02       80
     7.58383077E-03   -5.56949476E-02   -8.95865224E-02   -3.26232686E-02       81
     8.12224024E-03   -6.28891404E-02   -9.58165452E-02   -3.41078981E-02       82
     8.74411641E-03   -6.67508385E-02   -1.02368723E-01   -3.77552400E-02       83
     9.39014687E-03   -6.39621249E-02   -1.09243106E-01   -4.24644950E-02       84
     9.95372460E-03   -6.65180838E-02   -1.16431663E-01   -4.25993591E-02       85
     1.05237583E-02   -7.83923049E-02   -1.24126144E-01   -4.48873002E-02       86
     1.12427525E-02   -7.69863239E-02   -1.32267999E-01   -5.10062386E-02       87
     1.18986907E-02   -9.32203690E-02   -1.40941765E-01   -4.94369892E-02       88
     1.27599789E-02   -9.91738073E-02   -1.50015540E-01   -5.41797801E-02       89
     1.36601554E-02   -9.68013561E-02   -1.59445674E-01   -5.79799285E-02       90
     1.44748525E-02   -1.04981118E-01   -1.69431318E-01   -6.06531643E-02       91
     1.53617936E-02   -1.20237093E-01   -1.79767812E-01   -6.26489595E-02       92
     1.64164644E-02   -1.26104225E-01   -1.90692490E-01   -6.73507166E-02       93
     1.74955044E-02   -1.33303903E-01   -2.02072148E-01   -7.06474029E-02       94
     1.86154675E-02   -1.26548168E-01   -2.13929683E-01   -8.15972793E-02       95
     1.95824230E-02   -1.36549915E-01   -2.26547777E-01   -8.07259676E-02       96
     2.06325693E-02   -1.34476314E-01   -2.39769097E-01   -9.03810949E-02       97
     2.15992910E-02   -1.49724222E-01   -2.53616183E-01   -9.02508886E-02       98
     2.27154235E-02   -1.65544898E-01   -2.68165643E-01   -9.46918034E-02       99
     2.39784209E-02   -1.62867823E-01   -2.83558663E-01   -1.09887569E-01      100
     2.51417218E-02   -1.88608084E-01   -2.99460575E-01   -1.04916685E-01      101
     2.65699313E-02   -1.93276041E-01   -3.16044127E-01   -1.18681087E-01      102
     2.79833292E-02   -2.12569721E-01   -3.33253093E-01   -1.15922855E-01      103
     2.95619029E-02   -1.90463483E-01   -3.51058197E-01   -1.38205318E-01      104
     3.07934510E-02   -2.22723898E-01   -3.70013843E-01   -1.29359781E-01      105
     3.23482538E-02   -2.21167589E-01   -3.89967001E-01   -1.45799937E-01      106
     3.38076442E-02   -2.30698408E-01   -4.10691798E-01   -1.59743851E-01      107
     3.53054629E-02   -2.71554989E-01   -4.32289174E-01   -1.48790810E-01      108
     3.71963153E-02   -2.83763722E-01   -4.54602524E-01   -1.63784359E-01      109
     3.91327325E-02   -2.93393291E-01   -4.77615524E-01   -1.75606599E-01      110
     4.10824526E-02   -3.36137014E-01   -5.02316515E-01   -1.69599307E-01      111
     4.34050519E-02   -3.56869071E-01   -5.27049925E-01   -1.78676689E-01      112
     4.58400752E-02   -3.56865980E-01   -5.52660147E-01   -1.87111480E-01      113
     4.81601913E-02   -3.54955322E-01   -5.79014225E-01   -2.02850400E-01      114
     5.03514084E-02   -3.39889833E-01   -6.06307289E-01   -2.34140937E-01      115
     5.22860446E-02   -3.74560611E-01   -6.34732265E-01   -2.22714900E-01      116
     5.44807256E-02   -4.19089895E-01   -6.64165565E-01   -2.39483887E-01      117
     5.70160617E-02   -4.41950151E-01   -6.95508936E-01   -2.51732469E-01      118
     5.96583151E-02   -4.68249654E-01   -7.26751157E-01   -2.62850792E-01      119
     6.24329194E-02   -4.75497409E-01   -7.59043192E-01   -2.73241478E-01      120
     6.51510230E-02   -4.57523536E-01   -7.92289376E-01   -3.06769667E-01      121
     6.75808094E-02   -4.67971054E-01   -8.26743907E-01   -3.08087202E-01      122
     6.99977305E-02   -5.40243776E-01   -8.62720247E-01   -3.09826030E-01      123
     7.29555595E-02   -5.44767732E-01   -8.99307220E-01   -3.34741205E-01      124
     7.58243617E-02   -5.89652769E-01   -9.38230652E-01   -3.39271682E-01      125
     7.89575090E-02   -6.31903926E-01   -9.77117794E-01   -3.59604655E-01      126
     8.23159021E-02   -6.21221237E-01   -1.01815682E+00   -3.41564602E-01      127
     8.54434482E-02   -6.03490501E-01   -1.05944988E+00   -3.94807818E-01      128
     8.82951488E-02   -6.92522108E-01   -1.10236838E+00   -4.01011379E-01      129
     9.17481376E-02   -7.12865355E-01   -1.14580328E+00   -4.26413481E-01      130
     9.52217680E-02   -7.76134558E-01   -1.19053795E+00   -4.03694094E-01      131
     9.90495030E-02   -7.71058859E-01   -1.23762460E+00   -4.41411897E-01      132
     1.02686491E-01   -7.74061110E-01   -1.28662523E+00   -4.62415647E-01      133
     1.06203403E-01   -8.51033529E-01   -1.33479864E+00   -4.46466462E-01      134
     1.10155061E-01   -8.22563299E-01   -1.38506062E+00   -5.10383730E-01      135
     1.13747709E-01   -8.99815012E-01   -1.43740736E+00   -5.03014557E-01      136
     1.17759930E-01   -9.61829717E-01   -1.49064223E+00   -5.10727178E-01      137
     1.22061193E-01   -9.51003866E-01   -1.54561659E+00   -5.14793790E-01      138
     1.26128945E-01   -9.63467671E-01   -1.60136022E+00   -5.82236752E-01      139
     1.30134645E-01   -1.01349443E+00   -1.65838669E+00   -6.01276569E-01      140
     1.34334933E-01   -1.10209176E+00   -1.71857337E+00   -5.87575560E-01      141
     1.38975761E-01   -1.10796386E+00   -1.77904665E+00   -6.36617759E-01      142
     1.43493540E-01   -1.06140050E+00   -1.84064065E+00   -6.65315506E-01      143
     1.47556428E-01   -1.27530726E+00   -1.90510218E+00   -6.59259774E-01      144
     1.52839444E-01   -1.35338351E+00   -1.96990140E+00   -6.77934173E-01      145
     1.58434863E-01   -1.24632536E+00   -2.03677739E+00   -7.23493889E-01      146
     1.63186191E-01   -1.29372461E+00   -2.10356637E+00   -7.54081310E-01      147
     1.68070625E-01   -1.39464856E+00   -2.17197881E+00   -7.58702831E-01      148
     1.73402724E-01   -1.26773491E+00   -2.24679189E+00   -8.73204474E-01      149
     1.77816980E-01   -1.36568380E+00   -2.31833333E+00   -8.18191517E-01      150
     1.82663829E-01   -1.57610194E+00   -2.39470543E+00   -8.18533566E-01      151
     1.88569529E-01   -1.58202330E+00   -2.47103166E+00   -8.51658834E-01      152
     1.94328889E-01   -1.51444814E+00   -2.54777476E+00   -9.03374412E-01      153
     1.99537982E-01   -1.67417226E+00   -2.62780005E+00   -9.09543670E-01      154
     2.05474736E-01   -1.75366785E+00   -2.70941597E+00   -9.16788619E-01      155
     2.11670604E-01   -1.67037076E+00   -2.79133936E+00   -9.70078693E-01      156
     2.17239088E-01   -1.76971893E+00   -2.87870797E+00   -1.10680368E+00      157
     2.23176559E-01   -1.89400918E+00   -2.96590448E+00   -1.00088094E+00      158
     2.29599053E-01   -1.86412663E+00   -3.05181187E+00   -1.03965650E+00      159
     2.35687740E-01   -1.93154208E+00   -3.14496722E+00   -1.16087663E+00      160
     2.41953110E-01   -1.98663042E+00   -3.23509621E+00   -1.09268334E+00      161
     2.48326124E-01   -2.05820654E+00   -3.33187615E+00   -1.21519968E+00      162
     2.54885505E-01   -2.14693581E+00   -3.42784396E+00   -1.14440270E+00      163
     2.61708335E-01   -2.23278554E+00   -3.52210580E+00   -1.20657149E+00      164
     2.68769345E-01   -2.00940705E+00   -3.62547594E+00   -1.42962575E+00      165
     2.74568565E-01   -2.45112915E+00   -3.72444247E+00   -1.21497258E+00      166
     2.82322669E-01   -2.39567424E+00   -3.82666105E+00   -1.38556167E+00      167
     2.89617367E-01   -2.60379184E+00   -3.93430493E+00   -1.27598686E+00      168
     2.97695338E-01   -2.18595761E+00   -4.03756648E+00   -1.62241429E+00      169
     3.03645716E-01   -2.59400785E+00   -4.15050632E+00   -1.36066946E+00      170
     3.11303758E-01   -2.86155960E+00   -4.26095003E+00   -1.55397827E+00      171
     3.19976154E-01   -2.76024722E+00   -4.37148119E+00   -1.48051524E+00      172
     3.27984677E-01   -2.70677348E+00   -4.48572842E+00   -1.55470680E+00      173
     3.35561547E-01   -3.16520899E+00   -4.59866722E+00   -1.51723330E+00      174
     3.44947256E-01   -2.84846726E+00   -4.71719490E+00   -1.62444303E+00      175
     3.52745475E-01   -3.53862711E+00   -4.83359623E+00   -1.47694907E+00      176
     3.63292467E-01   -2.93106249E+00   -4.95124287E+00   -1.75961876E+00      177
     3.71033955E-01   -3.20539203E+00   -5.07438020E+00   -1.69933269E+00      178
     3.79732144E-01   -3.35130615E+00   -5.19977271E+00   -1.71909583E+00      179
     3.88825512E-01   -3.38971139E+00   -5.31672304E+00   -1.80684521E+00      180
     3.97863552E-01   -3.51144284E+00   -5.44555906E+00   -1.71544342E+00      181
     4.07181210E-01   -3.72904185E+00   -5.56718030E+00   -1.88742378E+00      182
     4.17145960E-01   -3.59206910E+00   -5.69114255E+00   -1.87206128E+00      183
     4.26338981E-01   -3.78874353E+00   -5.82125644E+00   -1.82676216E+00      184
     4.36080063E-01   -3.83680717E+00   -5.95130380E+00   -2.04520936E+00      185
     4.45777178E-01   -3.97101495E+00   -6.07585135E+00   -1.88110037E+00      186
     4.55753281E-01   -4.02096396E+00   -6.20883716E+00   -1.95917451E+00      187
     4.65677195E-01   -4.24404627E+00   -6.33643075E+00   -2.29470593E+00      188
     4.76184924E-01   -4.23984466E+00   -6.45988570E+00   -2.00321575E+00      189
     4.86423353E-01   -4.34895237E+00   -6.59229791E+00   -2.03304542E+00      190
     4.96804753E-01   -4.47963682E+00   -6.72372669E+00   -2.04786030E+00      191
     5.07393068E-01   -4.58481967E+00   -6.85407713E+00   -2.08103440E+00      192
     5.18083281E-01   -4.71462818E+00   -6.98317971E+00   -2.10953162E+00      193
     5.28948672E-01   -5.09958432E+00   -7.11265528E+00   -1.85072579E+00      194
     5.40839551E-01   -4.91048614E+00   -7.24271343E+00   -2.13323841E+00      195
     5.51793319E-01   -5.10259702E+00   -7.36974004E+00   -2.09908972E+00      196
     5.63088440E-01   -5.42101977E+00   -7.49423007E+00   -1.96950517E+00      197
     5.75105837E-01   -5.07979394E+00   -7.62101936E+00   -2.02841111E+00      198
     5.85715440E-01   -5.79897918E+00   -7.75197108E+00   -1.88641409E+00      199
     5.98264013E-01   -5.81882861E+00   -7.86739636E+00   -1.96430454E+00      200
     6.10522286E-01   -5.73735965E+00   -7.99385498E+00   -1.92941161E+00      201
     6.22189478E-01   -6.30847430E+00   -8.11324113E+00   -1.79846806E+00      202
     6.35191163E-01   -5.65540475E+00   -8.22724362E+00   -1.99250158E+00      203
     6.45938820E-01   -6.19456686E+00   -8.34434106E+00   -1.80771268E+00      204
     6.57877749E-01   -6.78791489E+00   -8.45411815E+00   -1.72892713E+00      205
     6.71084214E-01   -6.69973511E+00   -8.56740204E+00   -1.77668209E+00      206
     6.83654324E-01   -6.73025684E+00   -8.67750566E+00   -1.81976863E+00      207
     6.95922618E-01   -6.58654687E+00   -8.77336571E+00   -1.96182288E+00      208
     7.07448784E-01   -6.57691600E+00   -8.88275690E+00   -1.98089971E+00      209
     7.18599565E-01   -7.17153828E+00   -8.97956664E+00   -1.80891324E+00      210
     7.30866311E-01   -6.83468692E+00   -9.06810849E+00   -2.12372575E+00      211
     7.41959929E-01   -6.37140290E+00   -9.15615823E+00   -2.53410680E+00      212
     7.51644835E-01   -6.37508580E+00   -9.24798561E+00   -2.58584429E+00      213
     7.61060485E-01   -6.44719338E+00   -9.33983823E+00   -2.61250190E+00      214
     7.70373311E-01   -6.87551644E+00   -9.42171144E+00   -2.53385860E+00      215
     7.80366971E-01   -6.18299101E+00   -9.51182729E+00   -2.98899141E+00      216
     7.88604039E-01   -6.85036439E+00   -9.58494860E+00   -2.72664462E+00      217
     7.98021216E-01   -6.73633598E+00   -9.67008945E+00   -2.82312520E+00      218
     8.06953474E-01   -5.80639435E+00   -9.73913353E+00   -3.35965030E+00      219
     8.13776694E-01   -6.60884631E+00   -9.80984304E+00   -3.20327835E+00      220
     8.22007031E-01   -6.48201044E+00   -9.88155985E+00   -3.27777023E+00      221
     8.29778371E-01   -5.96289838E+00   -9.94751688E+00   -3.58140218E+00      222
     8.36363222E-01   -6.17294111E+00   -1.00120678E+01   -3.60470375E+00      223
     8.43165031E-01   -6.29761722E+00   -1.00756196E+01   -3.47077741E+00      224
     8.50012392E-01   -5.21565016E+00   -1.01368526E+01   -4.30747060E+00      225
     8.54750992E-01   -6.30292227E+00   -1.01995672E+01   -3.40562005E+00      226
     8.61248038E-01   -6.15413909E+00   -1.02635295E+01   -3.79588614E+00      227
     8.67308229E-01   -7.05090803E+00   -1.03173229E+01   -3.43504358E+00      228
     8.74675099E-01   -6.31031164E+00   -1.03646850E+01   -3.82057940E+00      229
     8.80620669E-01   -6.05419067E+00   -1.04185526E+01   -4.15975341E+00      230
     8.85971096E-01   -7.34188388E+00   -1.04639814E+01   -3.35166848E+00      231
     8.93092265E-01   -6.60549103E+00   -1.05049409E+01   -3.51003322E+00      232
     8.98858668E-01   -6.78194153E+00   -1.05557326E+01   -3.59886773E+00      233
     9.04621923E-01   -6.22175477E+00   -1.05944620E+01   -3.95269895E+00      234
     9.09328130E-01   -6.97200489E+00   -1.06335250E+01   -3.16071393E+00      235
     9.14627553E-01   -7.92346995E+00   -1.06777887E+01   -2.49874544E+00      236
     9.20198030E-01   -8.43602019E+00   -1.07471732E+01   -1.99319278E+00      237
     9.24309580E-01   -6.56815564E+00   -1.06197814E+01   -3.64932610E+00      238
     9.25592597E-01   -6.00625542E+00   -1.04231538E+01   -4.41689838E+00      239
     9.26160902E-01   -6.16612913E+00   -1.04522480E+01   -4.30403528E+00      240
     9.26716818E-01   -7.02874481E+00   -1.04642371E+01   -3.43549228E+00      241
     9.27391618E-01   -6.30746369E+00   -1.04784305E+01   -4.17096684E+00      242
     9.27942157E-01   -6.36171007E+00   -1.04940163E+01   -4.13230620E+00      243
     9.28496466E-01   -6.40884660E+00   -1.05108344E+01   -4.10198782E+00      244
     9.29056473E-01   -6.45178707E+00   -1.05285931E+01   -4.07680602E+00      245
     9.29623702E-01   -4.11462720E+00   -1.05474507E+01   -6.43282346E+00      246
     9.29829888E-01   -6.53366464E+00   -1.05676461E+01   -4.03398142E+00      247
     9.30416738E-01   -6.56988415E+00   -1.05891923E+01   -4.01930812E+00      248
     9.31015321E-01   -6.60370137E+00   -1.06121582E+01   -4.00845686E+00      249
     9.31627124E-01   -6.63641019E+00   -1.06366908E+01   -4.00028063E+00      250
     9.32253917E-01   -6.66847545E+00   -1.06630952E+01   -3.99461974E+00      251
     9.32897675E-01   -6.70017637E+00   -1.06914660E+01   -3.99128963E+00      252
     9.33560576E-01   -6.73206228E+00   -1.07221151E+01   -3.99005283E+00      253
     9.34245080E-01   -6.76463956E+00   -1.07553021E+01   -3.99066256E+00      254
     9.34953981E-01   -6.79835421E+00   -1.07914827E+01   -3.99312849E+00      255
     9.35690527E-01   -6.83350903E+00   -1.08310451E+01   -3.99753603E+00      256
     9.36458530E-01   -6.87048377E+00   -1.08745607E+01   -4.00407692E+00      257
     9.37262540E-01   -6.90980531E+00   -1.09228307E+01   -4.01302543E+00      258
     9.38108072E-01   -6.95189359E+00   -1.09764934E+01   -4.02459983E+00      259
     9.39001835E-01   -6.86964501E+00   -1.10367771E+01   -4.16713205E+00      260
     9.39923111E-01   -5.67319779E+00   -1.11053115E+01   -5.43211373E+00      261
     9.40609835E-01   -5.96260278E+00   -1.11841227E+01   -5.22151991E+00      262
     9.41415632E-01   -7.17405452E+00   -1.12760299E+01   -4.10197537E+00      263
     9.42615099E-01   -7.24802622E+00   -1.13843691E+01   -4.13634290E+00      264
     9.43938105E-01   -7.33532654E+00   -1.15144209E+01   -4.17909434E+00      265
     9.45419021E-01   -7.44084948E+00   -1.16738143E+01   -4.23296478E+00      266
     9.47108117E-01   -7.57305750E+00   -1.18741778E+01   -4.30270560E+00      267
     9.49083359E-01   -7.77487561E+00   -1.21245911E+01   -4.41623217E+00      268
     9.51488916E-01   -7.95110840E+00   -1.24579301E+01   -4.51901197E+00      269
     9.54516931E-01   -8.26183755E+00   -1.29541039E+01   -4.69226639E+00      270
     9.58681779E-01   -6.41841325E+00   -1.36517254E+01   -7.23331214E+00      271
     9.62722202E-01   -6.41731658E+00   -1.30337951E+01   -6.61647854E+00      272
     9.72638880E-01   -9.40398226E+00   -1.54900663E+01   -6.15467369E+00      273
     1.00000000E+00
