     0.00000000E+00   -2.61733111E-04   -4.36230576E-04   -1.74497465E-04        2
     5.78393778E-06   -3.11582028E-04   -5.19313765E-04   -2.07731738E-04        3
     1.21968295E-05   -3.68207132E-04   -6.13690827E-04   -2.45483695E-04        4
     1.93874616E-05   -4.32541241E-04   -7.20916486E-04   -2.88375245E-04        5
     2.74644421E-05   -5.05657138E-04   -8.42778752E-04   -3.37121614E-04        6
     3.65510243E-05   -5.88774684E-04   -9.81310765E-04   -3.92536082E-04        7
     4.67872228E-05   -6.83280841E-04   -1.13882418E-03   -4.55543337E-04        8
     5.83320717E-05   -7.90752222E-04   -1.31794673E-03   -5.27194506E-04        9
     7.13658598E-05   -9.12980437E-04   -1.52166449E-03   -6.08684057E-04       10
     8.60927654E-05   -1.05200231E-03   -1.75337225E-03   -7.01369941E-04       11
     1.02744513E-04   -1.21013416E-03   -2.01693060E-03   -8.06796444E-04       12
     1.21584564E-04   -1.39000956E-03   -2.31672894E-03   -9.26719376E-04       13
     1.42912326E-04   -1.59462140E-03   -2.65775549E-03   -1.06313409E-03       14
     1.67068106E-04   -1.82737056E-03   -3.04567851E-03   -1.21830795E-03       15
     1.94439873E-04   -2.09212281E-03   -3.48694108E-03   -1.39481828E-03       16
     2.25470173E-04   -2.39326494E-03   -3.98885467E-03   -1.59558973E-03       17
     2.60661630E-04   -2.73577160E-03   -4.55971053E-03   -1.82393893E-03       18
     3.00583734E-04   -3.12528221E-03   -5.20890787E-03   -2.08362565E-03       19
     3.45883066E-04   -3.56819258E-03   -5.94710658E-03   -2.37891400E-03       20
     3.97295470E-04   -4.07174946E-03   -6.78638482E-03   -2.71463536E-03       21
     4.55655588E-04   -4.64414853E-03   -7.74040236E-03   -3.09625383E-03       22
     5.21906357E-04   -5.29465172E-03   -8.82459602E-03   -3.52994430E-03       23
     5.97118528E-04   -6.03375224E-03   -1.00564549E-02   -4.02270262E-03       24
     6.82507946E-04   -6.87328412E-03   -1.14557026E-02   -4.58241852E-03       25
     7.79438249E-04   -7.82657078E-03   -1.30445455E-02   -5.21797474E-03       26
     8.89443599E-04   -8.90868217E-03   -1.48481006E-02   -5.93941840E-03       27
     1.01426614E-03   -1.01366147E-02   -1.68946957E-02   -6.75808101E-03       28
     1.15586840E-03   -1.15294552E-02   -1.92161430E-02   -7.68668781E-03       29
     1.31645953E-03   -1.31087345E-02   -2.18483278E-02   -8.73959331E-03       30
     1.49853928E-03   -1.48986512E-02   -2.48315819E-02   -9.93293072E-03       31
     1.70490738E-03   -1.69262879E-02   -2.82110440E-02   -1.12847561E-02       32
     1.93870674E-03   -1.92221559E-02   -3.20375672E-02   -1.28154113E-02       33
     2.20348385E-03   -2.18203634E-02   -3.63679996E-02   -1.45476363E-02       34
     2.50320553E-03   -2.47590769E-02   -4.12659534E-02   -1.65068766E-02       35
     2.84232291E-03   -2.80810380E-02   -4.68026661E-02   -1.87216281E-02       36
     3.22581528E-03   -3.18338282E-02   -5.30574414E-02   -2.12236132E-02       37
     3.65923401E-03   -3.60706629E-02   -6.01189738E-02   -2.40483110E-02       38
     4.14876690E-03   -4.08505949E-02   -6.80856865E-02   -2.72350916E-02       39
     4.70131133E-03   -4.62395960E-02   -7.70675347E-02   -3.08279387E-02       40
     5.32458170E-03   -5.23107332E-02   -8.71862990E-02   -3.48755658E-02       41
     6.02714085E-03   -5.91451233E-02   -9.85771771E-02   -3.94320537E-02       42
     6.81849450E-03   -6.68325438E-02   -1.11389801E-01   -4.45572569E-02       43
     7.70917084E-03   -7.54722836E-02   -1.25789655E-01   -5.03173715E-02       44
     8.71080824E-03   -8.51738691E-02   -1.41959288E-01   -5.67854186E-02       45
     9.83631062E-03   -9.60583364E-02   -1.60100429E-01   -6.40420929E-02       46
     1.10999441E-02   -1.08258442E-01   -1.80434346E-01   -7.21759034E-02       47
     1.25174234E-02   -1.21920452E-01   -2.03204817E-01   -8.12843651E-02       48
     1.41060270E-02   -1.37204075E-01   -2.28678031E-01   -9.14739567E-02       49
     1.58847480E-02   -1.54284899E-01   -2.57146642E-01   -1.02861742E-01       50
     1.78745129E-02   -1.73354136E-01   -2.88929339E-01   -1.15575203E-01       51
     2.00982012E-02   -1.94620190E-01   -3.24373471E-01   -1.29753281E-01       52
     2.25809146E-02   -2.18310364E-01   -3.63857884E-01   -1.45547520E-01       53
     2.53500443E-02   -2.44669870E-01   -4.07791272E-01   -1.63121402E-01       54
     2.84354595E-02   -2.73966520E-01   -4.56619998E-01   -1.82653479E-01       55
     3.18696245E-02   -3.06485912E-01   -5.10820070E-01   -2.04334158E-01       56
     3.56878897E-02   -3.42540030E-01   -5.70911468E-01   -2.28371438E-01       57
     3.99292626E-02   -3.82462165E-01   -6.37449691E-01   -2.54987525E-01       58
     4.46355021E-02   -4.26605610E-01   -7.11023569E-01   -2.84417960E-01       59
     4.98519264E-02   -4.75354421E-01   -7.92273213E-01   -3.16918792E-01       60
     5.56275995E-02   -5.29107473E-01   -8.81863426E-01   -3.52755952E-01       61
     6.20151618E-02   -5.88294520E-01   -9.80510477E-01   -3.92215957E-01       62
     6.90726583E-02   -6.53370209E-01   -1.08897213E+00   -4.35601918E-01       63
     7.68609854E-02   -7.24794591E-01   -1.20801514E+00   -4.83220554E-01       64
     8.54451167E-02   -8.03067251E-01   -1.33847219E+00   -5.35404936E-01       65
     9.48969114E-02   -8.88701214E-01   -1.48119831E+00   -5.92497100E-01       66
     1.05290230E-01   -9.82204903E-01   -1.63704091E+00   -6.54836009E-01       67
     1.16702929E-01   -1.08412395E+00   -1.80690938E+00   -7.22785435E-01       68
     1.29220017E-01   -1.19500426E+00   -1.99171361E+00   -7.96709343E-01       69
     1.42928280E-01   -1.31537198E+00   -2.19233048E+00   -8.76958498E-01       70
     1.57919512E-01   -1.44578245E+00   -2.40968560E+00   -9.63903157E-01       71
     1.74293815E-01   -1.58677242E+00   -2.64467359E+00   -1.05790117E+00       72
     1.92151708E-01   -1.73881459E+00   -2.89808228E+00   -1.15926769E+00       73
     2.11598903E-01   -1.90240257E+00   -3.17073437E+00   -1.26833180E+00       74
     2.32752841E-01   -2.07797767E+00   -3.46336539E+00   -1.38538771E+00       75
     2.55730274E-01   -2.26584587E+00   -3.77648531E+00   -1.51063944E+00       76
     2.80648685E-01   -2.46627348E+00   -4.11053801E+00   -1.64426453E+00       77
     3.07635977E-01   -2.67941030E+00   -4.46577314E+00   -1.78636285E+00       78
     3.36821613E-01   -2.90517136E+00   -4.84204911E+00   -1.93687775E+00       79
     3.68336666E-01   -3.14328532E+00   -5.23891364E+00   -2.09562832E+00       80
     4.02321283E-01   -3.39317614E+00   -5.65540668E+00   -2.26223054E+00       81
     4.38915830E-01   -3.65367316E+00   -6.08957705E+00   -2.43590390E+00       82
     4.78269703E-01   -3.92311190E+00   -6.53865060E+00   -2.61553870E+00       83
     5.20548815E-01   -4.19872168E+00   -6.99800943E+00   -2.79928775E+00       84
     5.65912819E-01   -4.47600644E+00   -7.46015994E+00   -2.98415350E+00       85
     6.14521319E-01   -4.74824020E+00   -7.91389195E+00   -3.16565174E+00       86
     6.66510128E-01   -5.00399271E+00   -8.34015465E+00   -3.33616194E+00       87
     7.21936397E-01   -5.22474338E+00   -8.70807978E+00   -3.48333641E+00       88
     7.80691908E-01   -5.37800666E+00   -8.96352370E+00   -3.58551704E+00       89
     8.42229356E-01   -5.40333519E+00   -9.00573875E+00   -3.60240357E+00       90
     9.04942231E-01   -5.18051262E+00   -8.63436039E+00   -3.45384777E+00       91
     9.64360458E-01   -4.43411587E+00   -7.39034091E+00   -2.95622505E+00       92
     1.00713916E+00   -2.78281455E+00   -4.63811701E+00   -1.85530246E+00       93
     1.00000000E+00
