289
0.00000000000000E+00	0.00000000000000E+00
5.80450219220943E-02	-1.63833936000000E-06
6.06497280227039E-02	-3.61717345000000E-06
6.33297151878715E-02	-5.72040554000000E-06
6.60854450937359E-02	-8.01564889000000E-06
6.89172041588672E-02	-1.05982966000000E-05
7.18250897567818E-02	-1.31989915000000E-05
7.48089068694185E-02	-1.61316751000000E-05
7.78683979249469E-02	-1.93274854000000E-05
8.10026763128391E-02	-2.27077052000000E-05
8.42107770010923E-02	-2.64981961000000E-05
8.74914839619659E-02	-3.03781845000000E-05
9.08430167202879E-02	-3.51697875000000E-05
9.42636046534057E-02	-3.96886345000000E-05
9.77510965804528E-02	-4.50052382000000E-05
1.01302695221388E-01	-5.06976347000000E-05
1.04915636034126E-01	-5.69484446000000E-05
1.08586361333851E-01	-6.37166639000000E-05
1.12311681866759E-01	-7.10173269000000E-05
1.16088186510215E-01	-7.89076668000000E-05
1.19912502527641E-01	-8.79247458000000E-05
1.23781485456627E-01	-9.63593251000000E-05
1.27691875327970E-01	-1.06177175000000E-04
1.31641114901789E-01	-1.15783061000000E-04
1.35626043770573E-01	-1.27176907000000E-04
1.39644460198535E-01	-1.37884545000000E-04
1.43693708278867E-01	-1.51082264000000E-04
1.47772209768572E-01	-1.62548915000000E-04
1.51878251198530E-01	-1.77855248000000E-04
1.56011270863117E-01	-1.94156206000000E-04
1.60170196071842E-01	-2.11640895000000E-04
1.64354574233108E-01	-2.31493785000000E-04
1.68563605579327E-01	-2.47529495000000E-04
1.72796803054860E-01	-2.68825786000000E-04
1.77053715860064E-01	-2.89557913000000E-04
1.81333876815744E-01	-3.13522867000000E-04
1.85637170013922E-01	-3.41666876000000E-04
1.89962848697176E-01	-3.62326422000000E-04
1.94311217567470E-01	-3.91927377000000E-04
1.98681324095459E-01	-4.22310981000000E-04
2.03072949416203E-01	-4.53355295000000E-04
2.07485489278986E-01	-4.89082998000000E-04
2.11918598896546E-01	-5.16546085000000E-04
2.16372086297850E-01	-5.57519395000000E-04
2.20845032300370E-01	-6.00904287000000E-04
2.25337429550796E-01	-6.38205707000000E-04
2.29848479851692E-01	-6.85409383000000E-04
2.34377672232139E-01	-7.38612104000000E-04
2.38924686665048E-01	-7.90568632000000E-04
2.43488626232485E-01	-8.49613811000000E-04
2.48069522618769E-01	-9.11644814000000E-04
2.52666813815543E-01	-9.72268086000000E-04
2.57280326500549E-01	-1.04245471000000E-03
2.61910342214313E-01	-1.11598045000000E-03
2.66556426339955E-01	-1.19090917000000E-03
2.71218778352274E-01	-1.26294792000000E-03
2.75897146442544E-01	-1.35033052000000E-03
2.80591013831799E-01	-1.44219695000000E-03
2.85301004635341E-01	-1.52722250000000E-03
2.90026437674052E-01	-1.61795303000000E-03
2.94766976053983E-01	-1.72687835000000E-03
2.99522734991050E-01	-1.83448284000000E-03
3.04292953387259E-01	-1.95641944000000E-03
3.09077590613072E-01	-2.08278982000000E-03
3.13876283414153E-01	-2.20356477000000E-03
3.18688215064819E-01	-2.34266699000000E-03
3.23513545080207E-01	-2.44103294000000E-03
3.28351588002516E-01	-2.60073015000000E-03
3.33201427829713E-01	-2.74506287000000E-03
3.38063503695656E-01	-2.90751261000000E-03
3.42936793890353E-01	-3.07450206000000E-03
3.47820345371038E-01	-3.25998373000000E-03
3.52714516485075E-01	-3.46423203000000E-03
3.57618154103676E-01	-3.65620693000000E-03
3.62530296458666E-01	-3.86651781000000E-03
3.67451140821076E-01	-4.05210614000000E-03
3.72379544472686E-01	-4.29930719000000E-03
3.77314662019280E-01	-4.49384489000000E-03
3.82256658980646E-01	-4.76387002000000E-03
3.87204263132148E-01	-4.98834271000000E-03
3.92156522660153E-01	-5.28265155000000E-03
3.97113678065913E-01	-5.53698727000000E-03
4.02074514134519E-01	-5.84601705000000E-03
4.07037748967905E-01	-6.17471364000000E-03
4.12003721432625E-01	-6.49354523000000E-03
4.16969514516199E-01	-6.77436468000000E-03
4.21909122047567E-01	-6.87858266000000E-03
4.26870984926772E-01	-7.24143210000000E-03
4.31829426758597E-01	-7.60753867000000E-03
4.36785020120612E-01	-8.03449782000000E-03
4.41737499866191E-01	-8.46793646000000E-03
4.46685976729728E-01	-8.92406297000000E-03
4.51628873791507E-01	-9.36441394000000E-03
4.56565385182178E-01	-9.75535990000000E-03
4.61495143577558E-01	-1.02454048000000E-02
4.66416698231785E-01	-1.07614260000000E-02
4.71328646509241E-01	-1.11870563000000E-02
4.76231749360871E-01	-1.16937911000000E-02
4.81124800125872E-01	-1.22701469000000E-02
4.86006581628008E-01	-1.27763972000000E-02
4.90877131459372E-01	-1.32451240000000E-02
4.95735999596328E-01	-1.38945301000000E-02
5.00582073923566E-01	-1.45020039000000E-02
5.05414497474690E-01	-1.50967991000000E-02
5.10233984679548E-01	-1.57445714000000E-02
5.15039357155036E-01	-1.63337654000000E-02
5.19829593938500E-01	-1.67732972000000E-02
5.24604701302392E-01	-1.75256323000000E-02
5.29364677857215E-01	-1.82247391000000E-02
5.34108355040291E-01	-1.88932696000000E-02
5.38834726037909E-01	-1.95474963000000E-02
5.43544605529394E-01	-2.03181061000000E-02
5.48237172328145E-01	-2.10615382000000E-02
5.52911403472863E-01	-2.17805491000000E-02
5.57566619310131E-01	-2.24943223000000E-02
5.62203603290964E-01	-2.32859262000000E-02
5.66821272370899E-01	-2.39914995000000E-02
5.71418565259438E-01	-2.47587485000000E-02
5.75995468101032E-01	-2.55473995000000E-02
5.80552252010308E-01	-2.64674553000000E-02
5.85087840304679E-01	-2.72672851000000E-02
5.89601282948008E-01	-2.80850158000000E-02
5.94092762076010E-01	-2.87992878000000E-02
5.98562307032053E-01	-2.95885398000000E-02
6.03008866579328E-01	-3.04036421000000E-02
6.07431195808749E-01	-3.12553733000000E-02
6.11829646059666E-01	-3.21693999000000E-02
6.16203844223449E-01	-3.29035643000000E-02
6.20552640908419E-01	-3.37146001000000E-02
6.24874944487847E-01	-3.44975986000000E-02
6.29171030834261E-01	-3.53935688000000E-02
6.33440612112391E-01	-3.61130492000000E-02
6.37682715664964E-01	-3.68351222000000E-02
6.41896192419645E-01	-3.74843142000000E-02
6.46081108936429E-01	-3.81715326000000E-02
6.50237566312783E-01	-3.88810808000000E-02
6.54364626063557E-01	-3.95918073000000E-02
6.58461269523341E-01	-4.03560893000000E-02
6.62527041781972E-01	-4.09580282000000E-02
6.66562521628574E-01	-4.15798035000000E-02
6.70566705295444E-01	-4.22234830000000E-02
6.74538561009276E-01	-4.28045235000000E-02
6.78477178099871E-01	-4.32421730000000E-02
6.82383466254408E-01	-4.38752855000000E-02
6.86256760368447E-01	-4.43338910000000E-02
6.90096099521433E-01	-4.47347927000000E-02
6.93900784024511E-01	-4.51808331000000E-02
6.97670759741041E-01	-4.56501992000000E-02
7.01406476969401E-01	-4.59735180000000E-02
7.05107132801880E-01	-4.62407244000000E-02
7.08772115542503E-01	-4.64430120000000E-02
7.12400854490574E-01	-4.65908330000000E-02
7.15994151844677E-01	-4.66859580000000E-02
7.19552041647586E-01	-4.67418179000000E-02
7.23074265959952E-01	-4.67595060000000E-02
7.26560609613350E-01	-4.66752035000000E-02
7.30011013766337E-01	-4.66022352000000E-02
7.33427087564978E-01	-4.64820749000000E-02
7.36808589950993E-01	-4.62379293000000E-02
7.40155484011487E-01	-4.59583006000000E-02
7.43467729456952E-01	-4.56453357000000E-02
7.46745714138241E-01	-4.52284747000000E-02
7.49990647589298E-01	-4.47471273000000E-02
7.53202617182296E-01	-4.41926478000000E-02
7.56381617735932E-01	-4.35732359000000E-02
7.59527745231734E-01	-4.28709802000000E-02
7.62641574214881E-01	-4.20890359000000E-02
7.65724270420364E-01	-4.12029013000000E-02
7.68775922535566E-01	-4.02625189000000E-02
7.71796733377390E-01	-3.92814455000000E-02
7.74786944664190E-01	-3.82457026000000E-02
7.77747278025093E-01	-3.70333437000000E-02
7.80678884793701E-01	-3.57584370000000E-02
7.83581879095560E-01	-3.43623185000000E-02
7.86456454949427E-01	-3.29211508000000E-02
7.89302801021298E-01	-3.14848130000000E-02
7.92121679227433E-01	-2.98972878000000E-02
7.94914111679386E-01	-2.80596853000000E-02
7.97680194835169E-01	-2.62601680000000E-02
8.00420118949461E-01	-2.43145055000000E-02
8.03134061586859E-01	-2.21892213000000E-02
8.05822694336936E-01	-2.00805325000000E-02
8.08486923614354E-01	-1.79082263000000E-02
8.11126864525691E-01	-1.55542889000000E-02
8.13742764640597E-01	-1.31549721000000E-02
8.16334820523501E-01	-1.05751053000000E-02
8.18903830730875E-01	-8.07544179000000E-03
8.21450657938781E-01	-5.21489492000000E-03
8.23975472431309E-01	-2.47728583000000E-03
8.26478404913652E-01	6.35907546000000E-04
8.28959644535244E-01	3.59009677000000E-03
8.31419902923396E-01	7.06287510000000E-03
8.33860040510865E-01	1.06101760000000E-02
8.36280095095119E-01	1.39148317000000E-02
8.38680165081064E-01	1.75447264000000E-02
8.41060391876334E-01	2.12702446000000E-02
8.43421468479284E-01	2.54634083000000E-02
8.45764103709035E-01	2.91450504000000E-02
8.48088365059081E-01	3.34691994000000E-02
8.50394306185112E-01	3.77851475000000E-02
8.52681998313429E-01	4.22465903000000E-02
8.54952132835007E-01	4.59143464000000E-02
8.57205286201348E-01	5.07688670000000E-02
8.59441409717719E-01	5.55955011000000E-02
8.61660525265135E-01	6.04738320000000E-02
8.63862622422512E-01	6.57032536000000E-02
8.66048333469115E-01	7.07167308000000E-02
8.68218204671734E-01	7.57156510000000E-02
8.70372159230073E-01	8.15554722000000E-02
8.72510142008785E-01	8.75582539000000E-02
8.74632131169735E-01	9.33131146000000E-02
8.76738838533452E-01	9.87271863000000E-02
8.78830696144008E-01	1.05239810000000E-01
8.80907629927023E-01	1.11130648000000E-01
8.82969603185624E-01	1.17886830000000E-01
8.85016552361523E-01	1.24581630000000E-01
8.87049149378492E-01	1.31413344000000E-01
8.89067867299676E-01	1.37631836000000E-01
8.91072583832982E-01	1.44792591000000E-01
8.93063111693109E-01	1.51942006000000E-01
8.95039187700768E-01	1.59496905000000E-01
8.97001193861407E-01	1.67476298000000E-01
8.98949192588591E-01	1.75333388000000E-01
9.00882780454332E-01	1.82885377000000E-01
9.02801477385323E-01	1.90606161000000E-01
9.04704917159968E-01	1.99001712000000E-01
9.06593313767366E-01	2.07417964000000E-01
9.08466695944022E-01	2.16596571000000E-01
9.10324542658418E-01	2.25505712000000E-01
9.12166312201207E-01	2.34595645000000E-01
9.13991514903628E-01	2.43835854000000E-01
9.15800064451864E-01	2.53216046000000E-01
9.17592125026981E-01	2.62767108000000E-01
9.19367055472605E-01	2.72491380000000E-01
9.21124237898388E-01	2.82382314000000E-01
9.22863043399963E-01	2.93104278000000E-01
9.24582917206650E-01	3.03712032000000E-01
9.26284249592135E-01	3.13994247000000E-01
9.27966457530518E-01	3.25097699000000E-01
9.29628971650265E-01	3.35848423000000E-01
9.31271305170611E-01	3.47783341000000E-01
9.32892991077257E-01	3.59724548000000E-01
9.34493869129732E-01	3.71834754000000E-01
9.36074203405224E-01	3.84686978000000E-01
9.37633747868683E-01	3.96331195000000E-01
9.39172373906143E-01	4.08769482000000E-01
9.40690166676972E-01	4.21301301000000E-01
9.42187365200102E-01	4.33190101000000E-01
9.43664678056084E-01	4.45593497000000E-01
9.45123241318429E-01	4.57897702000000E-01
9.46564039187230E-01	4.69896856000000E-01
9.47988309705712E-01	4.81920814000000E-01
9.49397326272854E-01	4.93282294000000E-01
9.50792334456364E-01	5.04364453000000E-01
9.52175048690692E-01	5.14693156000000E-01
9.53546929175541E-01	5.25361484000000E-01
9.54909109260880E-01	5.37358550000000E-01
9.56262721192668E-01	5.47422893000000E-01
9.57608920581163E-01	5.57552764000000E-01
9.58949246196863E-01	5.69493112000000E-01
9.60285213226125E-01	5.81361070000000E-01
9.61617920400676E-01	5.93051345000000E-01
9.62948510024441E-01	6.02790646000000E-01
9.64278141363703E-01	6.14456498000000E-01
9.65608639957160E-01	6.23110326000000E-01
9.66941386252850E-01	6.35501366000000E-01
9.68277749058625E-01	6.46765437000000E-01
9.69619281155670E-01	6.58233046000000E-01
9.70968236663087E-01	6.73026920000000E-01
9.72326840514589E-01	6.86267667000000E-01
9.73697231491339E-01	6.99409987000000E-01
9.75081745693499E-01	7.12333097000000E-01
9.76483597210117E-01	7.28304459000000E-01
9.77905667470341E-01	7.41201232000000E-01
9.79350787350135E-01	7.56176091000000E-01
9.80822245826269E-01	7.67622382000000E-01
9.82323658400334E-01	7.85132306000000E-01
9.83857698909865E-01	8.00616218000000E-01
9.85425786767517E-01	8.18085220000000E-01
9.87025131129452E-01	8.38042667000000E-01
9.88636052096959E-01	8.60518901000000E-01
9.90179943832765E-01	8.79838064000000E-01
9.91074516647193E-01	8.96382985000000E-01
9.91523535802850E-01	9.05371999000000E-01
9.92011640338451E-01	9.11924174000000E-01
9.92605216059819E-01	9.19337231000000E-01
9.93415138179462E-01	9.31468397000000E-01
9.94782662990779E-01	9.52834379000000E-01
1.00000000000000E+00	1.00000000000000E+00
