 9000 1.50  0.00 -0.10 -0.131 -0.006  0.028  0.073  0.093  0.027  0.014  0.020    
 9000 2.00 -0.01 -0.08 -0.041 -0.036  0.009  0.039  0.069  0.020  0.010  0.017    
 9250 2.00 -0.09 -0.13 -0.094 -0.043  0.006  0.030  0.033  0.015  0.001  0.014    
 9500 2.00 -0.18 -0.18 -0.146 -0.049  0.004  0.024  0.001  0.011 -0.007  0.011    
 9750 2.00 -0.25 -0.23 -0.196 -0.055  0.003  0.017 -0.028  0.006 -0.014  0.008    
10000 2.00 -0.33 -0.28 -0.243 -0.060  0.001  0.012 -0.054  0.003 -0.020  0.006    
10250 2.00 -0.40 -0.33 -0.287 -0.064  0.000  0.006 -0.079 -0.001 -0.026  0.003    
10500 2.00 -0.48 -0.37 -0.329 -0.069 -0.002  0.000 -0.101 -0.004 -0.031  0.001    
10750 2.00 -0.55 -0.42 -0.369 -0.073 -0.004 -0.006 -0.123 -0.008 -0.036  0.000    
11000 2.00 -0.62 -0.47 -0.404 -0.078 -0.006 -0.011 -0.144 -0.010 -0.040 -0.002    
11250 2.00 -0.69 -0.52 -0.438 -0.082 -0.008 -0.017 -0.163 -0.012 -0.044 -0.003    
11500 2.00 -0.76 -0.57 -0.468 -0.086 -0.010 -0.02  -0.182 -0.016 -0.049 -0.005    
11750 2.00 -0.82 -0.62 -0.498 -0.090 -0.012 -0.029 -0.201 -0.018 -0.053 -0.006    
14000 2.00 -1.38 -1.04 -0.706 -0.119 -0.031 -0.075 -0.342 -0.037 -0.085 -0.019    
 9000 2.50 -0.00 -0.07  0.012 -0.036  0.003  0.026  0.066  0.015  0.011  0.015    
 9250 2.50 -0.09 -0.12 -0.036 -0.049 -0.002  0.013  0.025  0.010  0.001  0.012    
 9500 2.50 -0.18 -0.17 -0.082 -0.059 -0.006  0.003 -0.010  0.005 -0.008  0.009    
 9750 2.50 -0.26 -0.22 -0.128 -0.067 -0.009 -0.005 -0.042  0.001 -0.016  0.006    
10000 2.50 -0.34 -0.26 -0.171 -0.073 -0.011 -0.012 -0.071 -0.003 -0.023  0.004    
10250 2.50 -0.41 -0.31 -0.213 -0.079 -0.013 -0.019 -0.098 -0.007 -0.030  0.001    
10500 2.50 -0.48 -0.36 -0.253 -0.085 -0.015 -0.025 -0.122 -0.010 -0.036 -0.001    
10750 2.50 -0.56 -0.41 -0.292 -0.089 -0.017 -0.030 -0.145 -0.013 -0.041 -0.003    
11000 2.50 -0.63 -0.46 -0.327 -0.094 -0.019 -0.036 -0.166 -0.016 -0.046 -0.005    
11250 2.50 -0.70 -0.51 -0.362 -0.099 -0.021 -0.041 -0.187 -0.019 -0.051 -0.007    
11500 2.50 -0.76 -0.56 -0.393 -0.103 -0.023 -0.047 -0.206 -0.022 -0.055 -0.009    
11750 2.50 -0.83 -0.61 -0.422 -0.108 -0.025 -0.052 -0.224 -0.024 -0.059 -0.010    
12000 2.50 -0.90 -0.65 -0.450 -0.112 -0.027 -0.058 -0.242 -0.026 -0.063 -0.011    
12250 2.50 -0.96 -0.70 -0.475 -0.116 -0.029 -0.063 -0.259 -0.029 -0.067 -0.013    
12500 2.50 -1.03 -0.75 -0.499 -0.120 -0.031 -0.069 -0.276 -0.031 -0.071 -0.014    
12750 2.50 -1.09 -0.80 -0.521 -0.124 -0.034 -0.074 -0.292 -0.034 -0.075 -0.016    
13000 2.50 -1.15 -0.84 -0.543 -0.128 -0.036 -0.079 -0.308 -0.035 -0.078 -0.017    
14000 2.50 -1.39 -1.02 -0.620 -0.142 -0.044 -0.099 -0.367 -0.043 -0.092 -0.023    
15000 2.50 -1.61 -1.19 -0.686 -0.155 -0.052 -0.118 -0.421 -0.051 -0.105 -0.028    
16000 2.50 -1.82 -1.35 -0.748 -0.166 -0.059 -0.135 -0.471 -0.058 -0.117 -0.034    
17000 2.50 -2.01 -1.49 -0.805 -0.175 -0.066 -0.151 -0.518 -0.064 -0.129 -0.039    
18000 2.50 -2.19 -1.63 -0.862 -0.181 -0.071 -0.163 -0.560 -0.070 -0.140 -0.044    
19000 2.50 -2.34 -1.75 -0.917 -0.185 -0.073 -0.172 -0.595 -0.076 -0.151 -0.051    
 9000 3.00  0.00 -0.07  0.045 -0.018  0.004  0.023  0.069  0.012  0.013  0.014    
 9250 3.00 -0.09 -0.11  0.003 -0.036 -0.004  0.007  0.026  0.006  0.003  0.011    
 9500 3.00 -0.17 -0.16 -0.038 -0.050 -0.010 -0.006 -0.012  0.001 -0.006  0.008    
 9750 3.00 -0.26 -0.21 -0.081 -0.062 -0.014 -0.016 -0.046 -0.004 -0.015  0.006    
10000 3.00 -0.34 -0.26 -0.122 -0.071 -0.018 -0.025 -0.077 -0.008 -0.023  0.003    
10250 3.00 -0.41 -0.31 -0.162 -0.079 -0.020 -0.033 -0.105 -0.011 -0.030  0.000    
10500 3.00 -0.49 -0.36 -0.201 -0.086 -0.023 -0.039 -0.131 -0.014 -0.036 -0.002    
10750 3.00 -0.56 -0.41 -0.238 -0.091 -0.025 -0.046 -0.155 -0.018 -0.042 -0.005    
11000 3.00 -0.63 -0.46 -0.274 -0.097 -0.027 -0.051 -0.177 -0.021 -0.048 -0.007    
11250 3.00 -0.70 -0.50 -0.307 -0.102 -0.029 -0.057 -0.198 -0.024 -0.053 -0.009    
11500 3.00 -0.77 -0.55 -0.340 -0.107 -0.030 -0.062 -0.217 -0.026 -0.057 -0.010    
11750 3.00 -0.84 -0.60 -0.371 -0.111 -0.032 -0.067 -0.236 -0.029 -0.062 -0.012    
12000 3.00 -0.90 -0.65 -0.398 -0.116 -0.034 -0.072 -0.254 -0.031 -0.066 -0.013    
12250 3.00 -0.97 -0.70 -0.425 -0.120 -0.036 -0.077 -0.271 -0.034 -0.070 -0.015    
12500 3.00 -1.03 -0.75 -0.450 -0.124 -0.038 -0.082 -0.287 -0.035 -0.073 -0.016    
12750 3.00 -1.10 -0.79 -0.473 -0.128 -0.040 -0.087 -0.303 -0.037 -0.077 -0.018    
13000 3.00 -1.16 -0.84 -0.494 -0.132 -0.042 -0.092 -0.319 -0.040 -0.081 -0.019    
14000 3.00 -1.40 -1.02 -0.571 -0.147 -0.050 -0.111 -0.376 -0.047 -0.094 -0.024    
15000 3.00 -1.62 -1.19 -0.636 -0.161 -0.058 -0.129 -0.429 -0.053 -0.106 -0.029    
16000 3.00 -1.83 -1.36 -0.693 -0.173 -0.065 -0.146 -0.477 -0.060 -0.118 -0.034    
17000 3.00 -2.03 -1.50 -0.744 -0.185 -0.072 -0.162 -0.522 -0.066 -0.129 -0.039    
18000 3.00 -2.21 -1.64 -0.792 -0.195 -0.079 -0.177 -0.565 -0.072 -0.139 -0.043    
19000 3.00 -2.38 -1.77 -0.837 -0.203 -0.084 -0.191 -0.605 -0.078 -0.150 -0.049    
20000 3.00 -2.54 -1.89 -0.880 -0.210 -0.089 -0.202 -0.643 -0.084 -0.161 -0.054    
21000 3.00 -2.68 -2.00 -0.922 -0.215 -0.093 -0.211 -0.675 -0.088 -0.170 -0.060    
22000 3.00 -2.81 -2.11 -0.959 -0.221 -0.095 -0.218 -0.702 -0.092 -0.178 -0.065    
23000 3.00 -2.94 -2.21 -0.992 -0.226 -0.098 -0.225 -0.725 -0.095 -0.184 -0.068    
24000 3.00 -3.06 -2.31 -1.020 -0.233 -0.102 -0.233 -0.749 -0.098 -0.190 -0.071    
25000 3.00 -3.17 -2.40 -1.047 -0.237 -0.105 -0.241 -0.773 -0.102 -0.197 -0.074    
26000 3.00 -3.27 -2.48 -1.076 -0.239 -0.105 -0.244 -0.791 -0.105 -0.203 -0.077    
 9000 3.50  0.01 -0.07  0.060  0.010  0.007  0.026  0.076  0.010  0.015  0.012    
 9250 3.50 -0.08 -0.11  0.025 -0.011 -0.002  0.007  0.031  0.004  0.005  0.010    
 9500 3.50 -0.17 -0.16 -0.012 -0.030 -0.009 -0.008 -0.009 -0.003 -0.005  0.007    
 9750 3.50 -0.25 -0.21 -0.049 -0.045 -0.015 -0.021 -0.045 -0.007 -0.013  0.005    
10000 3.50 -0.34 -0.26 -0.087 -0.057 -0.020 -0.032 -0.077 -0.011 -0.021  0.002    
10250 3.50 -0.41 -0.31 -0.125 -0.067 -0.024 -0.041 -0.106 -0.014 -0.028  0.000    
10500 3.50 -0.49 -0.36 -0.162 -0.076 -0.027 -0.048 -0.133 -0.018 -0.035 -0.003    
10750 3.50 -0.57 -0.41 -0.198 -0.084 -0.029 -0.055 -0.158 -0.021 -0.041 -0.005    
11000 3.50 -0.64 -0.46 -0.233 -0.090 -0.031 -0.061 -0.181 -0.024 -0.047 -0.007    
11250 3.50 -0.71 -0.50 -0.267 -0.096 -0.033 -0.067 -0.203 -0.026 -0.052 -0.009    
11500 3.50 -0.78 -0.55 -0.300 -0.102 -0.035 -0.072 -0.223 -0.029 -0.057 -0.011    
11750 3.50 -0.84 -0.60 -0.330 -0.107 -0.037 -0.077 -0.242 -0.032 -0.062 -0.013    
12000 3.50 -0.91 -0.65 -0.359 -0.111 -0.039 -0.082 -0.260 -0.034 -0.066 -0.014    
12250 3.50 -0.98 -0.70 -0.387 -0.116 -0.041 -0.087 -0.277 -0.036 -0.070 -0.016    
12500 3.50 -1.04 -0.75 -0.413 -0.120 -0.043 -0.092 -0.293 -0.038 -0.074 -0.017    
12750 3.50 -1.10 -0.79 -0.437 -0.125 -0.044 -0.096 -0.309 -0.041 -0.078 -0.019    
13000 3.50 -1.16 -0.84 -0.460 -0.129 -0.046 -0.101 -0.324 -0.042 -0.081 -0.020    
14000 3.50 -1.41 -1.02 -0.539 -0.144 -0.054 -0.119 -0.381 -0.049 -0.094 -0.025    
15000 3.50 -1.63 -1.20 -0.604 -0.158 -0.061 -0.136 -0.431 -0.055 -0.106 -0.030    
16000 3.50 -1.84 -1.36 -0.660 -0.171 -0.068 -0.152 -0.478 -0.061 -0.117 -0.034    
17000 3.50 -2.04 -1.52 -0.709 -0.183 -0.075 -0.167 -0.522 -0.068 -0.128 -0.039    
18000 3.50 -2.22 -1.66 -0.755 -0.194 -0.081 -0.181 -0.562 -0.073 -0.138 -0.043    
19000 3.50 -2.40 -1.80 -0.797 -0.204 -0.087 -0.195 -0.601 -0.077 -0.147 -0.047    
20000 3.50 -2.56 -1.92 -0.836 -0.213 -0.093 -0.208 -0.638 -0.083 -0.157 -0.052    
21000 3.50 -2.71 -2.04 -0.873 -0.221 -0.097 -0.219 -0.673 -0.088 -0.167 -0.057    
22000 3.50 -2.85 -2.15 -0.908 -0.227 -0.101 -0.229 -0.705 -0.093 -0.176 -0.062    
23000 3.50 -2.98 -2.25 -0.942 -0.233 -0.105 -0.237 -0.732 -0.097 -0.184 -0.067    
24000 3.50 -3.10 -2.35 -0.971 -0.239 -0.108 -0.245 -0.757 -0.100 -0.191 -0.071    
25000 3.50 -3.22 -2.44 -0.996 -0.245 -0.112 -0.253 -0.781 -0.104 -0.198 -0.074    
26000 3.50 -3.34 -2.53 -1.018 -0.252 -0.116 -0.262 -0.806 -0.107 -0.204 -0.077    
27000 3.50 -3.44 -2.61 -1.040 -0.259 -0.119 -0.271 -0.832 -0.111 -0.211 -0.080    
28000 3.50 -3.54 -2.69 -1.061 -0.264 -0.122 -0.278 -0.855 -0.114 -0.217 -0.083    
29000 3.50 -3.63 -2.76 -1.082 -0.268 -0.123 -0.282 -0.871 -0.117 -0.223 -0.085    
30000 3.50 -3.71 -2.83 -1.100 -0.270 -0.123 -0.283 -0.881 -0.119 -0.226 -0.086    
31000 3.50 -3.79 -2.91 -1.116 -0.272 -0.122 -0.282 -0.885 -0.119 -0.228 -0.087    
 9000 4.00  0.02 -0.07  0.056  0.045  0.013  0.035  0.085  0.010  0.017  0.010    
 9250 4.00 -0.07 -0.11  0.029  0.021  0.002  0.013  0.038  0.003  0.007  0.008    
 9500 4.00 -0.16 -0.16 -0.001  0.000 -0.007 -0.006 -0.004 -0.003 -0.002  0.006    
 9750 4.00 -0.25 -0.21 -0.033 -0.017 -0.014 -0.021 -0.041 -0.009 -0.011  0.004    
10000 4.00 -0.33 -0.26 -0.066 -0.033 -0.020 -0.033 -0.075 -0.013 -0.019  0.002    
10250 4.00 -0.41 -0.31 -0.101 -0.046 -0.024 -0.044 -0.105 -0.017 -0.026 -0.001    
10500 4.00 -0.49 -0.36 -0.135 -0.057 -0.028 -0.053 -0.133 -0.020 -0.033 -0.003    
10750 4.00 -0.57 -0.41 -0.170 -0.067 -0.031 -0.060 -0.159 -0.024 -0.040 -0.005    
11000 4.00 -0.64 -0.46 -0.204 -0.076 -0.034 -0.067 -0.183 -0.027 -0.046 -0.007    
11250 4.00 -0.71 -0.51 -0.236 -0.083 -0.037 -0.074 -0.205 -0.029 -0.051 -0.009    
11500 4.00 -0.78 -0.56 -0.268 -0.089 -0.039 -0.079 -0.226 -0.032 -0.056 -0.011    
11750 4.00 -0.85 -0.60 -0.299 -0.095 -0.041 -0.085 -0.245 -0.034 -0.061 -0.013    
12000 4.00 -0.92 -0.65 -0.328 -0.101 -0.043 -0.089 -0.263 -0.037 -0.066 -0.015    
12250 4.00 -0.98 -0.70 -0.356 -0.106 -0.044 -0.094 -0.281 -0.039 -0.070 -0.016    
12500 4.00 -1.05 -0.75 -0.383 -0.111 -0.046 -0.099 -0.297 -0.041 -0.074 -0.018    
12750 4.00 -1.11 -0.80 -0.408 -0.115 -0.048 -0.103 -0.313 -0.043 -0.078 -0.019    
13000 4.00 -1.17 -0.84 -0.431 -0.120 -0.050 -0.108 -0.328 -0.044 -0.081 -0.020    
14000 4.00 -1.41 -1.03 -0.515 -0.136 -0.056 -0.124 -0.384 -0.052 -0.095 -0.026    
15000 4.00 -1.64 -1.20 -0.582 -0.151 -0.063 -0.140 -0.434 -0.057 -0.106 -0.030    
16000 4.00 -1.85 -1.37 -0.638 -0.164 -0.070 -0.155 -0.479 -0.063 -0.117 -0.035    
17000 4.00 -2.05 -1.52 -0.687 -0.176 -0.076 -0.170 -0.521 -0.068 -0.127 -0.039    
18000 4.00 -2.23 -1.67 -0.732 -0.188 -0.082 -0.183 -0.560 -0.074 -0.137 -0.043    
19000 4.00 -2.41 -1.81 -0.773 -0.199 -0.088 -0.196 -0.597 -0.078 -0.146 -0.047    
20000 4.00 -2.57 -1.94 -0.810 -0.208 -0.093 -0.209 -0.632 -0.083 -0.155 -0.051    
21000 4.00 -2.73 -2.06 -0.846 -0.217 -0.099 -0.220 -0.666 -0.087 -0.163 -0.055    
22000 4.00 -2.87 -2.17 -0.878 -0.225 -0.103 -0.231 -0.698 -0.092 -0.172 -0.060    
23000 4.00 -3.01 -2.28 -0.910 -0.232 -0.107 -0.241 -0.729 -0.097 -0.181 -0.065    
24000 4.00 -3.14 -2.38 -0.940 -0.238 -0.111 -0.249 -0.756 -0.101 -0.189 -0.069    
25000 4.00 -3.26 -2.48 -0.966 -0.244 -0.114 -0.257 -0.781 -0.104 -0.196 -0.073    
26000 4.00 -3.37 -2.57 -0.990 -0.250 -0.118 -0.265 -0.804 -0.108 -0.203 -0.077    
27000 4.00 -3.48 -2.65 -1.011 -0.257 -0.121 -0.273 -0.828 -0.111 -0.209 -0.080    
28000 4.00 -3.59 -2.74 -1.030 -0.264 -0.125 -0.282 -0.852 -0.114 -0.215 -0.082    
29000 4.00 -3.68 -2.81 -1.049 -0.271 -0.129 -0.290 -0.875 -0.118 -0.222 -0.085    
30000 4.00 -3.77 -2.88 -1.068 -0.276 -0.131 -0.297 -0.895 -0.120 -0.227 -0.087    
31000 4.00 -3.86 -2.95 -1.085 -0.281 -0.133 -0.302 -0.910 -0.122 -0.231 -0.088    
32000 4.00 -3.94 -3.01 -1.100 -0.284 -0.134 -0.305 -0.922 -0.123 -0.234 -0.089    
33000 4.00 -4.01 -3.09 -1.114 -0.287 -0.133 -0.306 -0.929 -0.125 -0.237 -0.090    
34000 4.00 -4.09 -3.16 -1.125 -0.289 -0.133 -0.305 -0.932 -0.125 -0.238 -0.091    
35000 4.00 -4.17 -3.24 -1.135 -0.291 -0.132 -0.304 -0.931 -0.125 -0.239 -0.092    
36000 4.00 -4.25 -3.32 -1.141 -0.293 -0.131 -0.302 -0.930 -0.124 -0.238 -0.092    
37000 4.00 -4.33 -3.40 -1.147 -0.295 -0.131 -0.302 -0.929 -0.123 -0.237 -0.092    
38000 4.00 -4.41 -3.48 -1.152 -0.297 -0.131 -0.303 -0.931 -0.123 -0.237 -0.092    
39000 4.00 -4.50 -3.56 -1.157 -0.299 -0.131 -0.304 -0.934 -0.124 -0.238 -0.092    
 9000 4.50  0.03 -0.07  0.031  0.083  0.020  0.048  0.099  0.012  0.020  0.008    
 9250 4.50 -0.06 -0.11  0.012  0.058  0.008  0.023  0.048  0.004  0.009  0.006    
 9500 4.50 -0.15 -0.16 -0.009  0.037 -0.002  0.002  0.003 -0.003  0.000  0.005    
 9750 4.50 -0.24 -0.21 -0.034  0.017 -0.011 -0.015 -0.036 -0.009 -0.009  0.003    
10000 4.50 -0.33 -0.25 -0.061  0.000 -0.018 -0.030 -0.071 -0.014 -0.017  0.001    
10250 4.50 -0.41 -0.31 -0.091 -0.016 -0.023 -0.042 -0.103 -0.018 -0.024 -0.001    
10500 4.50 -0.49 -0.36 -0.122 -0.030 -0.028 -0.053 -0.131 -0.022 -0.031 -0.003    
10750 4.50 -0.57 -0.41 -0.153 -0.042 -0.032 -0.062 -0.158 -0.025 -0.038 -0.005    
11000 4.50 -0.64 -0.46 -0.184 -0.053 -0.035 -0.070 -0.182 -0.028 -0.044 -0.007    
11250 4.50 -0.71 -0.51 -0.215 -0.063 -0.038 -0.077 -0.205 -0.030 -0.049 -0.009    
11500 4.50 -0.78 -0.56 -0.246 -0.071 -0.041 -0.083 -0.227 -0.034 -0.055 -0.011    
11750 4.50 -0.85 -0.61 -0.276 -0.078 -0.043 -0.089 -0.247 -0.036 -0.060 -0.013    
12000 4.50 -0.92 -0.66 -0.305 -0.084 -0.045 -0.094 -0.265 -0.037 -0.064 -0.015    
12250 4.50 -0.99 -0.70 -0.333 -0.090 -0.047 -0.099 -0.283 -0.040 -0.069 -0.016    
12500 4.50 -1.05 -0.75 -0.360 -0.096 -0.049 -0.104 -0.300 -0.042 -0.073 -0.018    
12750 4.50 -1.11 -0.80 -0.385 -0.101 -0.051 -0.108 -0.316 -0.044 -0.077 -0.019    
13000 4.50 -1.18 -0.85 -0.410 -0.106 -0.052 -0.112 -0.332 -0.046 -0.081 -0.021    
14000 4.50 -1.42 -1.03 -0.495 -0.124 -0.059 -0.129 -0.387 -0.053 -0.094 -0.026    
15000 4.50 -1.64 -1.20 -0.565 -0.139 -0.065 -0.144 -0.436 -0.059 -0.106 -0.031    
16000 4.50 -1.85 -1.37 -0.623 -0.153 -0.071 -0.158 -0.480 -0.065 -0.117 -0.035    
17000 4.50 -2.05 -1.53 -0.674 -0.166 -0.077 -0.172 -0.521 -0.069 -0.126 -0.039    
18000 4.50 -2.24 -1.68 -0.718 -0.178 -0.083 -0.185 -0.559 -0.074 -0.136 -0.043    
19000 4.50 -2.42 -1.82 -0.758 -0.189 -0.089 -0.197 -0.595 -0.078 -0.144 -0.047    
20000 4.50 -2.58 -1.95 -0.795 -0.200 -0.094 -0.209 -0.629 -0.083 -0.153 -0.050    
21000 4.50 -2.74 -2.08 -0.829 -0.209 -0.099 -0.220 -0.661 -0.087 -0.161 -0.054    
22000 4.50 -2.89 -2.19 -0.861 -0.218 -0.104 -0.231 -0.693 -0.091 -0.170 -0.059    
23000 4.50 -3.03 -2.30 -0.891 -0.226 -0.108 -0.241 -0.723 -0.095 -0.178 -0.063    
24000 4.50 -3.16 -2.41 -0.920 -0.233 -0.112 -0.251 -0.752 -0.099 -0.186 -0.068    
25000 4.50 -3.28 -2.50 -0.947 -0.240 -0.116 -0.259 -0.778 -0.104 -0.194 -0.072    
26000 4.50 -3.40 -2.60 -0.972 -0.246 -0.119 -0.267 -0.802 -0.107 -0.201 -0.076    
27000 4.50 -3.51 -2.68 -0.994 -0.252 -0.122 -0.274 -0.825 -0.110 -0.207 -0.079    
28000 4.50 -3.61 -2.77 -1.013 -0.259 -0.126 -0.282 -0.848 -0.114 -0.214 -0.082    
29000 4.50 -3.72 -2.85 -1.032 -0.266 -0.129 -0.290 -0.870 -0.116 -0.219 -0.084    
30000 4.50 -3.81 -2.92 -1.049 -0.272 -0.133 -0.298 -0.892 -0.119 -0.225 -0.086    
31000 4.50 -3.90 -2.99 -1.067 -0.278 -0.135 -0.305 -0.910 -0.122 -0.230 -0.088    
32000 4.50 -3.98 -3.05 -1.082 -0.283 -0.137 -0.310 -0.926 -0.124 -0.234 -0.089    
33000 4.50 -4.06 -3.12 -1.097 -0.288 -0.139 -0.314 -0.938 -0.125 -0.237 -0.090    
34000 4.50 -4.13 -3.18 -1.110 -0.291 -0.139 -0.316 -0.948 -0.127 -0.240 -0.091    
35000 4.50 -4.21 -3.25 -1.121 -0.294 -0.139 -0.317 -0.953 -0.128 -0.242 -0.092    
36000 4.50 -4.28 -3.33 -1.131 -0.296 -0.138 -0.317 -0.956 -0.128 -0.243 -0.093    
37000 4.50 -4.36 -3.40 -1.139 -0.299 -0.138 -0.317 -0.956 -0.128 -0.243 -0.093    
38000 4.50 -4.43 -3.48 -1.145 -0.301 -0.137 -0.316 -0.956 -0.127 -0.243 -0.094    
39000 4.50 -4.51 -3.56 -1.150 -0.303 -0.137 -0.316 -0.956 -0.127 -0.243 -0.094    
40000 4.50 -4.59 -3.63 -1.155 -0.305 -0.137 -0.317 -0.959 -0.127 -0.243 -0.094    
41000 4.50 -4.67 -3.71 -1.159 -0.308 -0.138 -0.319 -0.962 -0.127 -0.244 -0.095    
42000 4.50 -4.75 -3.79 -1.163 -0.310 -0.138 -0.320 -0.966 -0.128 -0.245 -0.095    
43000 4.50 -4.83 -3.86 -1.165 -0.311 -0.139 -0.321 -0.970 -0.129 -0.247 -0.096    
44000 4.50 -4.91 -3.93 -1.168 -0.313 -0.139 -0.322 -0.973 -0.129 -0.248 -0.097    
45000 4.50 -4.98 -4.00 -1.171 -0.314 -0.140 -0.323 -0.976 -0.130 -0.249 -0.097    
46000 4.50 -5.05 -4.07 -1.174 -0.316 -0.140 -0.324 -0.979 -0.130 -0.250 -0.098    
47000 4.50 -5.12 -4.14 -1.177 -0.317 -0.140 -0.325 -0.982 -0.131 -0.251 -0.098    
48000 4.50 -5.19 -4.21 -1.180 -0.318 -0.141 -0.325 -0.985 -0.131 -0.251 -0.099    
49000 4.50 -5.26 -4.27 -1.182 -0.319 -0.141 -0.326 -0.987 -0.131 -0.252 -0.099    
 9000 5.00  0.04 -0.08 -0.016  0.122  0.029  0.067  0.118  0.018  0.024  0.005    
 9250 5.00 -0.06 -0.12 -0.025  0.098  0.015  0.039  0.062  0.009  0.013  0.004    
 9500 5.00 -0.15 -0.16 -0.039  0.077  0.003  0.015  0.014  0.001  0.003  0.003    
 9750 5.00 -0.23 -0.21 -0.057  0.057 -0.006 -0.005 -0.028 -0.006 -0.006  0.002    
10000 5.00 -0.32 -0.25 -0.077  0.038 -0.014 -0.022 -0.065 -0.011 -0.014  0.000    
10250 5.00 -0.40 -0.30 -0.099  0.020 -0.021 -0.037 -0.099 -0.017 -0.022 -0.002    
10500 5.00 -0.48 -0.35 -0.124  0.005 -0.027 -0.049 -0.129 -0.021 -0.029 -0.004    
10750 5.00 -0.56 -0.41 -0.151 -0.009 -0.032 -0.060 -0.156 -0.025 -0.036 -0.006    
11000 5.00 -0.64 -0.46 -0.179 -0.022 -0.036 -0.069 -0.182 -0.028 -0.042 -0.008    
11250 5.00 -0.71 -0.51 -0.206 -0.034 -0.039 -0.077 -0.205 -0.030 -0.047 -0.009    
11500 5.00 -0.79 -0.56 -0.235 -0.045 -0.042 -0.084 -0.227 -0.034 -0.053 -0.011    
11750 5.00 -0.85 -0.61 -0.263 -0.054 -0.045 -0.090 -0.247 -0.036 -0.058 -0.013    
12000 5.00 -0.92 -0.66 -0.292 -0.062 -0.047 -0.096 -0.267 -0.038 -0.063 -0.015    
12250 5.00 -0.99 -0.71 -0.319 -0.069 -0.049 -0.102 -0.285 -0.040 -0.067 -0.016    
12500 5.00 -1.06 -0.75 -0.345 -0.076 -0.051 -0.106 -0.302 -0.043 -0.072 -0.018    
12750 5.00 -1.12 -0.80 -0.370 -0.082 -0.053 -0.111 -0.318 -0.045 -0.076 -0.019    
13000 5.00 -1.18 -0.85 -0.395 -0.087 -0.055 -0.116 -0.334 -0.047 -0.080 -0.021    
14000 5.00 -1.42 -1.03 -0.481 -0.107 -0.061 -0.132 -0.390 -0.054 -0.094 -0.026    
15000 5.00 -1.65 -1.21 -0.554 -0.124 -0.067 -0.147 -0.439 -0.060 -0.106 -0.031    
16000 5.00 -1.86 -1.37 -0.614 -0.139 -0.073 -0.161 -0.483 -0.064 -0.116 -0.035    
17000 5.00 -2.06 -1.53 -0.665 -0.153 -0.079 -0.174 -0.523 -0.070 -0.126 -0.039    
18000 5.00 -2.24 -1.68 -0.710 -0.165 -0.084 -0.186 -0.560 -0.074 -0.135 -0.043    
19000 5.00 -2.42 -1.83 -0.750 -0.177 -0.090 -0.198 -0.595 -0.079 -0.144 -0.047    
20000 5.00 -2.59 -1.96 -0.787 -0.188 -0.095 -0.209 -0.628 -0.082 -0.152 -0.050    
21000 5.00 -2.75 -2.09 -0.821 -0.199 -0.099 -0.220 -0.659 -0.086 -0.160 -0.054    
22000 5.00 -2.90 -2.21 -0.852 -0.208 -0.104 -0.231 -0.690 -0.090 -0.168 -0.058    
23000 5.00 -3.04 -2.32 -0.880 -0.217 -0.109 -0.241 -0.719 -0.094 -0.176 -0.062    
24000 5.00 -3.17 -2.42 -0.908 -0.225 -0.113 -0.251 -0.748 -0.099 -0.184 -0.066    
25000 5.00 -3.30 -2.52 -0.934 -0.232 -0.117 -0.260 -0.775 -0.103 -0.192 -0.071    
26000 5.00 -3.42 -2.62 -0.959 -0.239 -0.120 -0.268 -0.800 -0.106 -0.199 -0.075    
27000 5.00 -3.53 -2.70 -0.982 -0.246 -0.123 -0.275 -0.824 -0.110 -0.206 -0.078    
28000 5.00 -3.63 -2.79 -1.003 -0.252 -0.126 -0.283 -0.846 -0.113 -0.212 -0.081    
29000 5.00 -3.74 -2.87 -1.022 -0.259 -0.130 -0.290 -0.868 -0.116 -0.218 -0.084    
30000 5.00 -3.83 -2.94 -1.041 -0.265 -0.133 -0.298 -0.888 -0.118 -0.223 -0.086    
31000 5.00 -3.92 -3.01 -1.057 -0.272 -0.136 -0.304 -0.907 -0.121 -0.228 -0.087    
32000 5.00 -4.00 -3.08 -1.073 -0.278 -0.138 -0.310 -0.924 -0.124 -0.233 -0.089    
33000 5.00 -4.08 -3.14 -1.088 -0.283 -0.140 -0.315 -0.938 -0.125 -0.236 -0.090    
34000 5.00 -4.16 -3.21 -1.101 -0.288 -0.142 -0.319 -0.950 -0.126 -0.239 -0.090    
35000 5.00 -4.23 -3.28 -1.114 -0.292 -0.142 -0.322 -0.959 -0.127 -0.241 -0.091    
36000 5.00 -4.31 -3.34 -1.124 -0.295 -0.143 -0.324 -0.965 -0.128 -0.243 -0.092    
37000 5.00 -4.38 -3.41 -1.133 -0.297 -0.142 -0.324 -0.969 -0.128 -0.244 -0.093    
38000 5.00 -4.45 -3.48 -1.140 -0.300 -0.142 -0.324 -0.970 -0.129 -0.245 -0.094    
39000 5.00 -4.53 -3.56 -1.147 -0.302 -0.141 -0.324 -0.970 -0.128 -0.245 -0.094    
40000 5.00 -4.60 -3.63 -1.152 -0.305 -0.141 -0.324 -0.971 -0.128 -0.245 -0.094    
41000 5.00 -4.68 -3.71 -1.157 -0.307 -0.141 -0.324 -0.972 -0.129 -0.246 -0.095    
42000 5.00 -4.76 -3.78 -1.161 -0.309 -0.141 -0.325 -0.975 -0.129 -0.247 -0.095    
43000 5.00 -4.84 -3.86 -1.164 -0.311 -0.141 -0.327 -0.978 -0.130 -0.248 -0.096    
44000 5.00 -4.91 -3.93 -1.167 -0.313 -0.142 -0.328 -0.981 -0.130 -0.249 -0.097    
45000 5.00 -4.99 -4.00 -1.170 -0.315 -0.142 -0.329 -0.985 -0.130 -0.250 -0.097    
46000 5.00 -5.06 -4.07 -1.173 -0.317 -0.143 -0.330 -0.988 -0.131 -0.251 -0.098    
47000 5.00 -5.13 -4.14 -1.176 -0.318 -0.143 -0.331 -0.991 -0.131 -0.252 -0.098    
48000 5.00 -5.20 -4.21 -1.178 -0.320 -0.143 -0.332 -0.994 -0.132 -0.253 -0.099    
49000 5.00 -5.27 -4.27 -1.181 -0.321 -0.144 -0.333 -0.997 -0.132 -0.253 -0.099    
50000 5.00 -5.34 -4.34 -1.183 -0.322 -0.144 -0.334 -1.000 -0.132 -0.254 -0.100    
