 3500 0.00  2.90 -1.88  2.483  1.891  0.913  1.971  4.785  1.073  1.214  0.155   
 3750 0.00  2.70 -1.34  2.605  1.824  0.895  1.736  4.043  0.938  1.054  0.137   
 4000 0.00  2.51 -0.99  2.404  1.685  0.800  1.518  3.501  0.796  0.891  0.124   
 4250 0.00  2.34 -0.72  2.018  1.547  0.709  1.338  3.060  0.674  0.752  0.113   
 4500 0.00  2.17 -0.52  1.620  1.406  0.638  1.201  2.692  0.578  0.643  0.103   
 4750 0.00  2.01 -0.37  1.292  1.260  0.578  1.092  2.377  0.500  0.557  0.092   
 5000 0.00  1.86 -0.24  1.044  1.112  0.520  0.991  2.101  0.431  0.486  0.082   
 5250 0.00  1.71 -0.14  0.852  0.966  0.460  0.889  1.854  0.370  0.426  0.073   
 5500 0.00  1.56 -0.06  0.701  0.824  0.400  0.785  1.626  0.314  0.371  0.067   
 5750 0.00  1.41  0.00  0.588  0.689  0.343  0.683  1.412  0.266  0.319  0.067   
 6000 0.00  1.26  0.05  0.505  0.556  0.288  0.587  1.215  0.222  0.271  0.069   
 3500 0.50  2.90 -1.90  2.266  1.776  0.875  1.949  4.806  1.082  1.220  0.151   
 3750 0.50  2.71 -1.33  2.388  1.743  0.873  1.714  4.038  0.958  1.072  0.131   
 4000 0.50  2.52 -0.98  2.202  1.613  0.789  1.503  3.495  0.821  0.915  0.117   
 4250 0.50  2.34 -0.71  1.854  1.480  0.696  1.321  3.054  0.698  0.775  0.106   
 4500 0.50  2.18 -0.51  1.497  1.350  0.623  1.181  2.688  0.598  0.662  0.095   
 4750 0.50  2.02 -0.36  1.189  1.213  0.564  1.071  2.378  0.518  0.574  0.084   
 5000 0.50  1.87 -0.24  0.951  1.075  0.509  0.974  2.107  0.450  0.502  0.074   
 5250 0.50  1.72 -0.15  0.770  0.940  0.454  0.879  1.866  0.388  0.440  0.064   
 5500 0.50  1.58 -0.07  0.633  0.808  0.399  0.783  1.647  0.334  0.386  0.057   
 5750 0.50  1.43 -0.01  0.533  0.684  0.347  0.688  1.442  0.284  0.333  0.054   
 6000 0.50  1.29  0.04  0.466  0.568  0.296  0.596  1.250  0.239  0.284  0.056   
 6250 0.50  1.14  0.07  0.418  0.452  0.248  0.510  1.074  0.201  0.241  0.058   
 6500 0.50  1.01  0.09  0.376  0.345  0.201  0.428  0.913  0.167  0.203  0.059   
 6750 0.50  0.87  0.11  0.332  0.260  0.160  0.353  0.765  0.138  0.169  0.059   
 7000 0.50  0.75  0.12  0.281  0.191  0.125  0.288  0.632  0.115  0.140  0.058   
 7250 0.50  0.63  0.12  0.223  0.145  0.097  0.234  0.514  0.095  0.114  0.055   
 7500 0.50  0.53  0.11  0.137  0.141  0.086  0.202  0.419  0.078  0.090  0.051   
 3500 1.00  2.91 -1.93  2.044  1.665  0.845  1.940  4.840  1.085  1.221  0.147   
 3750 1.00  2.71 -1.33  2.179  1.668  0.854  1.700  4.041  0.969  1.082  0.127   
 4000 1.00  2.52 -0.97  2.016  1.550  0.784  1.498  3.495  0.840  0.933  0.112   
 4250 1.00  2.35 -0.71  1.697  1.422  0.690  1.315  3.054  0.717  0.794  0.100   
 4500 1.00  2.18 -0.51  1.377  1.300  0.614  1.171  2.688  0.615  0.679  0.089   
 4750 1.00  2.02 -0.36  1.092  1.173  0.554  1.058  2.380  0.533  0.588  0.078   
 5000 1.00  1.87 -0.24  0.864  1.043  0.501  0.963  2.112  0.464  0.514  0.068   
 5250 1.00  1.73 -0.15  0.691  0.916  0.449  0.872  1.876  0.403  0.452  0.058   
 5500 1.00  1.59 -0.08  0.562  0.794  0.398  0.781  1.663  0.348  0.397  0.050   
 5750 1.00  1.44 -0.02  0.470  0.678  0.349  0.692  1.464  0.298  0.345  0.046   
 6000 1.00  1.30  0.03  0.412  0.570  0.302  0.606  1.278  0.254  0.296  0.046   
 6250 1.00  1.17  0.06  0.376  0.470  0.257  0.522  1.104  0.213  0.251  0.046   
 6500 1.00  1.03  0.09  0.354  0.369  0.213  0.442  0.943  0.177  0.211  0.048   
 6750 1.00  0.90  0.10  0.332  0.275  0.171  0.367  0.797  0.148  0.177  0.049   
 7000 1.00  0.77  0.11  0.300  0.202  0.134  0.298  0.661  0.121  0.146  0.048   
 7250 1.00  0.65  0.11  0.261  0.141  0.102  0.239  0.540  0.099  0.119  0.046   
 7500 1.00  0.54  0.11  0.208  0.094  0.077  0.191  0.436  0.081  0.095  0.044   
 7750 1.00  0.44  0.09  0.144  0.066  0.060  0.154  0.347  0.066  0.075  0.041   
 8000 1.00  0.34  0.06  0.060  0.060  0.054  0.137  0.280  0.056  0.058  0.038   
 8250 1.00  0.25  0.01 -0.037  0.066  0.060  0.139  0.240  0.049  0.046  0.034   
 3500 1.50  2.91 -1.97  1.831  1.560  0.823  1.941  4.883  1.085  1.218  0.145   
 3750 1.50  2.71 -1.34  1.986  1.599  0.837  1.692  4.052  0.976  1.087  0.124   
 4000 1.50  2.53 -0.97  1.852  1.497  0.782  1.498  3.501  0.854  0.946  0.108   
 4250 1.50  2.35 -0.71  1.559  1.372  0.690  1.316  3.059  0.732  0.809  0.095   
 4500 1.50  2.18 -0.51  1.266  1.256  0.610  1.167  2.692  0.629  0.693  0.084   
 4750 1.50  2.03 -0.36  1.006  1.138  0.548  1.052  2.383  0.544  0.599  0.073   
 5000 1.50  1.87 -0.24  0.788  1.016  0.496  0.956  2.118  0.474  0.523  0.063   
 5250 1.50  1.73 -0.16  0.620  0.896  0.446  0.867  1.885  0.413  0.460  0.053   
 5500 1.50  1.59 -0.09  0.494  0.782  0.398  0.781  1.675  0.359  0.405  0.045   
 5750 1.50  1.45 -0.03  0.406  0.673  0.352  0.697  1.482  0.310  0.354  0.040   
 6000 1.50  1.31  0.01  0.352  0.571  0.308  0.614  1.301  0.264  0.305  0.038   
 6250 1.50  1.18  0.05  0.324  0.479  0.265  0.534  1.130  0.223  0.260  0.038   
 6500 1.50  1.05  0.08  0.310  0.394  0.223  0.456  0.970  0.187  0.219  0.039   
 6750 1.50  0.92  0.09  0.304  0.305  0.183  0.382  0.823  0.154  0.183  0.040   
 7000 1.50  0.79  0.10  0.296  0.222  0.145  0.312  0.688  0.127  0.152  0.040   
 7250 1.50  0.67  0.11  0.275  0.159  0.111  0.249  0.564  0.103  0.124  0.039   
 7500 1.50  0.56  0.10  0.239  0.106  0.084  0.196  0.455  0.083  0.099  0.037   
 7750 1.50  0.45  0.09  0.193  0.063  0.061  0.152  0.360  0.067  0.078  0.035   
 8000 1.50  0.35  0.07  0.135  0.031  0.043  0.119  0.280  0.054  0.060  0.033   
 8250 1.50  0.25  0.04  0.071  0.012  0.033  0.096  0.215  0.044  0.045  0.030   
 8500 1.50  0.16 -0.00  0.005  0.002  0.028  0.083  0.164  0.037  0.032  0.027   
 8750 1.50  0.07 -0.05 -0.064 -0.003  0.027  0.077  0.125  0.030  0.021  0.023   
 9000 1.50  0.00 -0.10 -0.131 -0.006  0.028  0.073  0.093  0.027  0.014  0.020    
 3500 2.00  2.91 -2.02  1.641  1.463  0.808  1.950  4.931  1.084  1.215  0.143   
 3750 2.00  2.72 -1.35  1.815  1.535  0.823  1.688  4.069  0.979  1.088  0.121   
 4000 2.00  2.53 -0.98  1.713  1.451  0.783  1.502  3.510  0.863  0.954  0.104   
 4250 2.00  2.35 -0.71  1.446  1.329  0.693  1.322  3.068  0.746  0.822  0.091   
 4500 2.00  2.19 -0.51  1.173  1.217  0.610  1.169  2.699  0.642  0.706  0.080   
 4750 2.00  2.03 -0.36  0.933  1.108  0.545  1.049  2.389  0.555  0.610  0.069   
 5000 2.00  1.88 -0.25  0.726  0.994  0.492  0.952  2.124  0.483  0.532  0.059   
 5250 2.00  1.73 -0.16  0.559  0.880  0.444  0.865  1.893  0.423  0.468  0.050   
 5500 2.00  1.59 -0.09  0.434  0.772  0.398  0.782  1.686  0.368  0.412  0.041   
 5750 2.00  1.46 -0.04  0.347  0.669  0.354  0.702  1.497  0.319  0.361  0.035   
 6000 2.00  1.32  0.00  0.293  0.574  0.312  0.623  1.320  0.274  0.313  0.033   
 6250 2.00  1.19  0.04  0.266  0.487  0.272  0.546  1.153  0.233  0.268  0.032   
 6500 2.00  1.06  0.06  0.257  0.408  0.233  0.471  0.996  0.195  0.227  0.032   
 6750 2.00  0.93  0.08  0.257  0.334  0.195  0.398  0.848  0.162  0.190  0.032   
 7000 2.00  0.81  0.10  0.263  0.258  0.158  0.328  0.712  0.132  0.157  0.032   
 7250 2.00  0.69  0.10  0.263  0.184  0.122  0.263  0.588  0.107  0.129  0.032   
 7500 2.00  0.57  0.10  0.245  0.129  0.092  0.207  0.475  0.085  0.103  0.031   
 7750 2.00  0.47  0.09  0.216  0.083  0.068  0.159  0.376  0.067  0.081  0.030   
 8000 2.00  0.36  0.07  0.174  0.043  0.047  0.119  0.291  0.052  0.062  0.028   
 8250 2.00  0.26  0.04  0.123  0.012  0.031  0.088  0.219  0.041  0.046  0.026   
 8500 2.00  0.17  0.00  0.069 -0.010  0.020  0.066  0.160  0.033  0.033  0.024   
 8750 2.00  0.08 -0.03  0.013 -0.025  0.013  0.050  0.111  0.026  0.021  0.021   
 9000 2.00 -0.01 -0.08 -0.041 -0.036  0.009  0.039  0.069  0.020  0.010  0.017    
 9250 2.00 -0.09 -0.13 -0.094 -0.043  0.006  0.030  0.033  0.015  0.001  0.014    
 9500 2.00 -0.18 -0.18 -0.146 -0.049  0.004  0.024  0.001  0.011 -0.007  0.011    
 9750 2.00 -0.25 -0.23 -0.196 -0.055  0.003  0.017 -0.028  0.006 -0.014  0.008    
10000 2.00 -0.33 -0.28 -0.243 -0.060  0.001  0.012 -0.054  0.003 -0.020  0.006    
10250 2.00 -0.40 -0.33 -0.287 -0.064  0.000  0.006 -0.079 -0.001 -0.026  0.003    
10500 2.00 -0.48 -0.37 -0.329 -0.069 -0.002  0.000 -0.101 -0.004 -0.031  0.001    
10750 2.00 -0.55 -0.42 -0.369 -0.073 -0.004 -0.006 -0.123 -0.008 -0.036  0.000    
11000 2.00 -0.62 -0.47 -0.404 -0.078 -0.006 -0.011 -0.144 -0.010 -0.040 -0.002    
11250 2.00 -0.69 -0.52 -0.438 -0.082 -0.008 -0.017 -0.163 -0.012 -0.044 -0.003    
11500 2.00 -0.76 -0.57 -0.468 -0.086 -0.010 -0.02  -0.182 -0.016 -0.049 -0.005    
11750 2.00 -0.82 -0.62 -0.498 -0.090 -0.012 -0.029 -0.201 -0.018 -0.053 -0.006    
 3500 2.50  2.92 -2.06  1.487  1.381  0.802  1.962  4.977  1.080  1.211  0.142   
 3750 2.50  2.72 -1.37  1.670  1.477  0.811  1.688  4.091  0.979  1.088  0.119   
 4000 2.50  2.53 -0.99  1.600  1.413  0.784  1.507  3.523  0.869  0.960  0.102   
 4250 2.50  2.36 -0.72  1.360  1.294  0.701  1.331  3.079  0.755  0.831  0.088   
 4500 2.50  2.19 -0.52  1.100  1.183  0.614  1.176  2.708  0.652  0.716  0.076   
 4750 2.50  2.03 -0.36  0.875  1.080  0.545  1.051  2.396  0.564  0.619  0.066   
 5000 2.50  1.88 -0.25  0.676  0.975  0.491  0.951  2.131  0.491  0.539  0.056   
 5250 2.50  1.73 -0.17  0.511  0.868  0.443  0.865  1.900  0.430  0.474  0.047   
 5500 2.50  1.60 -0.10  0.383  0.766  0.398  0.784  1.696  0.376  0.418  0.038   
 5750 2.50  1.46 -0.05  0.293  0.669  0.357  0.707  1.509  0.327  0.367  0.032   
 6000 2.50  1.33 -0.01  0.235  0.578  0.317  0.632  1.336  0.282  0.319  0.029   
 6250 2.50  1.20  0.02  0.205  0.495  0.279  0.559  1.174  0.242  0.275  0.027   
 6500 2.50  1.07  0.05  0.198  0.421  0.242  0.487  1.020  0.204  0.234  0.027   
 6750 2.50  0.94  0.07  0.202  0.354  0.206  0.416  0.874  0.168  0.196  0.026   
 7000 2.50  0.82  0.08  0.211  0.291  0.170  0.348  0.738  0.138  0.163  0.026   
 7250 2.50  0.70  0.09  0.224  0.224  0.136  0.282  0.612  0.111  0.133  0.026   
 7500 2.50  0.59  0.09  0.229  0.159  0.103  0.222  0.497  0.088  0.108  0.026   
 7750 2.50  0.48  0.08  0.215  0.111  0.077  0.171  0.395  0.068  0.085  0.025   
 8000 2.50  0.38  0.07  0.188  0.069  0.054  0.127  0.306  0.052  0.065  0.024   
 8250 2.50  0.27  0.05  0.151  0.033  0.036  0.091  0.229  0.039  0.048  0.022   
 8500 2.50  0.18  0.01  0.107  0.004  0.021  0.063  0.165  0.029  0.034  0.021   
 8750 2.50  0.08 -0.03  0.059 -0.019  0.011  0.042  0.112  0.021  0.022  0.018   
 9000 2.50 -0.00 -0.07  0.012 -0.036  0.003  0.026  0.066  0.015  0.011  0.015    
 9250 2.50 -0.09 -0.12 -0.036 -0.049 -0.002  0.013  0.025  0.010  0.001  0.012    
 9500 2.50 -0.18 -0.17 -0.082 -0.059 -0.006  0.003 -0.010  0.005 -0.008  0.009    
 9750 2.50 -0.26 -0.22 -0.128 -0.067 -0.009 -0.005 -0.042  0.001 -0.016  0.006    
10000 2.50 -0.34 -0.26 -0.171 -0.073 -0.011 -0.012 -0.071 -0.003 -0.023  0.004    
10250 2.50 -0.41 -0.31 -0.213 -0.079 -0.013 -0.019 -0.098 -0.007 -0.030  0.001    
10500 2.50 -0.48 -0.36 -0.253 -0.085 -0.015 -0.025 -0.122 -0.010 -0.036 -0.001    
10750 2.50 -0.56 -0.41 -0.292 -0.089 -0.017 -0.030 -0.145 -0.013 -0.041 -0.003    
11000 2.50 -0.63 -0.46 -0.327 -0.094 -0.019 -0.036 -0.166 -0.016 -0.046 -0.005    
11250 2.50 -0.70 -0.51 -0.362 -0.099 -0.021 -0.041 -0.187 -0.019 -0.051 -0.007    
11500 2.50 -0.76 -0.56 -0.393 -0.103 -0.023 -0.047 -0.206 -0.022 -0.055 -0.009    
11750 2.50 -0.83 -0.61 -0.422 -0.108 -0.025 -0.052 -0.224 -0.024 -0.059 -0.010    
12000 2.50 -0.90 -0.65 -0.450 -0.112 -0.027 -0.058 -0.242 -0.026 -0.063 -0.011    
12250 2.50 -0.96 -0.70 -0.475 -0.116 -0.029 -0.063 -0.259 -0.029 -0.067 -0.013    
12500 2.50 -1.03 -0.75 -0.499 -0.120 -0.031 -0.069 -0.276 -0.031 -0.071 -0.014    
12750 2.50 -1.09 -0.80 -0.521 -0.124 -0.034 -0.074 -0.292 -0.034 -0.075 -0.016    
13000 2.50 -1.15 -0.84 -0.543 -0.128 -0.036 -0.079 -0.308 -0.035 -0.078 -0.017    
 3500 3.00  2.91 -2.06  1.382  1.339  0.808  1.969  4.968  1.060  1.198  0.147   
 3750 3.00  2.72 -1.39  1.555  1.429  0.804  1.692  4.116  0.976  1.086  0.117   
 4000 3.00  2.54 -1.00  1.512  1.382  0.785  1.514  3.539  0.873  0.964  0.099   
 4250 3.00  2.36 -0.73  1.303  1.269  0.710  1.343  3.093  0.762  0.838  0.085   
 4500 3.00  2.19 -0.53  1.051  1.155  0.622  1.186  2.720  0.659  0.724  0.073   
 4750 3.00  2.03 -0.37  0.832  1.057  0.548  1.056  2.405  0.572  0.627  0.063   
 5000 3.00  1.88 -0.26  0.641  0.959  0.491  0.953  2.138  0.498  0.546  0.054   
 5250 3.00  1.74 -0.17  0.475  0.860  0.443  0.866  1.907  0.436  0.479  0.044   
 5500 3.00  1.60 -0.11  0.343  0.762  0.399  0.786  1.704  0.382  0.422  0.036   
 5750 3.00  1.46 -0.06  0.246  0.670  0.359  0.711  1.520  0.333  0.371  0.029   
 6000 3.00  1.33 -0.02  0.182  0.583  0.321  0.640  1.351  0.290  0.324  0.026   
 6250 3.00  1.20  0.00  0.148  0.504  0.285  0.570  1.192  0.250  0.281  0.024   
 6500 3.00  1.07  0.03  0.137  0.433  0.249  0.502  1.042  0.213  0.241  0.022   
 6750 3.00  0.95  0.05  0.140  0.370  0.215  0.434  0.900  0.177  0.203  0.021   
 7000 3.00  0.83  0.07  0.152  0.313  0.182  0.368  0.765  0.145  0.169  0.021   
 7250 3.00  0.72  0.08  0.167  0.259  0.149  0.304  0.638  0.116  0.138  0.021   
 7500 3.00  0.60  0.08  0.182  0.202  0.117  0.243  0.521  0.092  0.112  0.021   
 7750 3.00  0.49  0.08  0.191  0.144  0.088  0.188  0.418  0.071  0.089  0.020   
 8000 3.00  0.39  0.06  0.180  0.101  0.063  0.140  0.324  0.054  0.069  0.020   
 8250 3.00  0.29  0.04  0.157  0.063  0.043  0.100  0.243  0.038  0.051  0.019   
 8500 3.00  0.19  0.01  0.124  0.031  0.026  0.068  0.175  0.027  0.036  0.018   
 8750 3.00  0.09 -0.02  0.085  0.003  0.013  0.043  0.118  0.019  0.024  0.016   
 9000 3.00  0.00 -0.07  0.045 -0.018  0.004  0.023  0.069  0.012  0.013  0.014    
 9250 3.00 -0.09 -0.11  0.003 -0.036 -0.004  0.007  0.026  0.006  0.003  0.011    
 9500 3.00 -0.17 -0.16 -0.038 -0.050 -0.010 -0.006 -0.012  0.001 -0.006  0.008    
 9750 3.00 -0.26 -0.21 -0.081 -0.062 -0.014 -0.016 -0.046 -0.004 -0.015  0.006    
10000 3.00 -0.34 -0.26 -0.122 -0.071 -0.018 -0.025 -0.077 -0.008 -0.023  0.003    
10250 3.00 -0.41 -0.31 -0.162 -0.079 -0.020 -0.033 -0.105 -0.011 -0.030  0.000    
10500 3.00 -0.49 -0.36 -0.201 -0.086 -0.023 -0.039 -0.131 -0.014 -0.036 -0.002    
10750 3.00 -0.56 -0.41 -0.238 -0.091 -0.025 -0.046 -0.155 -0.018 -0.042 -0.005    
11000 3.00 -0.63 -0.46 -0.274 -0.097 -0.027 -0.051 -0.177 -0.021 -0.048 -0.007    
11250 3.00 -0.70 -0.50 -0.307 -0.102 -0.029 -0.057 -0.198 -0.024 -0.053 -0.009    
11500 3.00 -0.77 -0.55 -0.340 -0.107 -0.030 -0.062 -0.217 -0.026 -0.057 -0.010    
11750 3.00 -0.84 -0.60 -0.371 -0.111 -0.032 -0.067 -0.236 -0.029 -0.062 -0.012    
12000 3.00 -0.90 -0.65 -0.398 -0.116 -0.034 -0.072 -0.254 -0.031 -0.066 -0.013    
12250 3.00 -0.97 -0.70 -0.425 -0.120 -0.036 -0.077 -0.271 -0.034 -0.070 -0.015    
12500 3.00 -1.03 -0.75 -0.450 -0.124 -0.038 -0.082 -0.287 -0.035 -0.073 -0.016    
12750 3.00 -1.10 -0.79 -0.473 -0.128 -0.040 -0.087 -0.303 -0.037 -0.077 -0.018    
13000 3.00 -1.16 -0.84 -0.494 -0.132 -0.042 -0.092 -0.319 -0.040 -0.081 -0.019    
 3500 3.50  2.85 -1.89  1.323  1.380  0.831  1.939  4.736  0.964  1.133  0.182   
 3750 3.50  2.72 -1.40  1.461  1.404  0.808  1.702  4.112  0.954  1.072  0.122   
 4000 3.50  2.54 -1.02  1.445  1.360  0.789  1.523  3.559  0.872  0.965  0.096   
 4250 3.50  2.36 -0.75  1.267  1.252  0.722  1.357  3.111  0.767  0.844  0.081   
 4500 3.50  2.20 -0.54  1.027  1.136  0.633  1.199  2.735  0.667  0.732  0.070   
 4750 3.50  2.04 -0.38  0.810  1.038  0.555  1.065  2.416  0.578  0.634  0.060   
 5000 3.50  1.88 -0.26  0.621  0.946  0.494  0.957  2.146  0.504  0.552  0.051   
 5250 3.50  1.74 -0.18  0.454  0.853  0.445  0.868  1.914  0.442  0.484  0.042   
 5500 3.50  1.60 -0.11  0.315  0.760  0.401  0.789  1.711  0.387  0.426  0.034   
 5750 3.50  1.47 -0.06  0.210  0.672  0.362  0.716  1.529  0.340  0.375  0.028   
 6000 3.50  1.33 -0.03  0.137  0.590  0.325  0.647  1.363  0.296  0.328  0.023   
 6250 3.50  1.21 -0.00  0.094  0.514  0.290  0.581  1.208  0.258  0.286  0.021   
 6500 3.50  1.08  0.02  0.076  0.446  0.257  0.516  1.062  0.221  0.246  0.019   
 6750 3.50  0.96  0.03  0.075  0.386  0.224  0.452  0.924  0.187  0.210  0.018   
 7000 3.50  0.84  0.05  0.086  0.333  0.193  0.389  0.792  0.154  0.176  0.017   
 7250 3.50  0.73  0.06  0.103  0.284  0.161  0.327  0.667  0.125  0.145  0.016   
 7500 3.50  0.61  0.06  0.120  0.238  0.131  0.267  0.549  0.098  0.117  0.016   
 7750 3.50  0.50  0.06  0.137  0.189  0.102  0.210  0.441  0.076  0.093  0.016   
 8000 3.50  0.40  0.05  0.148  0.138  0.075  0.159  0.346  0.057  0.073  0.016   
 8250 3.50  0.30  0.04  0.141  0.098  0.052  0.115  0.262  0.041  0.055  0.015   
 8500 3.50  0.20  0.01  0.120  0.064  0.034  0.079  0.189  0.028  0.039  0.015   
 8750 3.50  0.10 -0.02  0.093  0.034  0.019  0.049  0.127  0.017  0.026  0.014   
 9000 3.50  0.01 -0.07  0.060  0.010  0.007  0.026  0.076  0.010  0.015  0.012    
 9250 3.50 -0.08 -0.11  0.025 -0.011 -0.002  0.007  0.031  0.004  0.005  0.010    
 9500 3.50 -0.17 -0.16 -0.012 -0.030 -0.009 -0.008 -0.009 -0.003 -0.005  0.007    
 9750 3.50 -0.25 -0.21 -0.049 -0.045 -0.015 -0.021 -0.045 -0.007 -0.013  0.005    
10000 3.50 -0.34 -0.26 -0.087 -0.057 -0.020 -0.032 -0.077 -0.011 -0.021  0.002    
10250 3.50 -0.41 -0.31 -0.125 -0.067 -0.024 -0.041 -0.106 -0.014 -0.028  0.000    
10500 3.50 -0.49 -0.36 -0.162 -0.076 -0.027 -0.048 -0.133 -0.018 -0.035 -0.003    
10750 3.50 -0.57 -0.41 -0.198 -0.084 -0.029 -0.055 -0.158 -0.021 -0.041 -0.005    
11000 3.50 -0.64 -0.46 -0.233 -0.090 -0.031 -0.061 -0.181 -0.024 -0.047 -0.007    
11250 3.50 -0.71 -0.50 -0.267 -0.096 -0.033 -0.067 -0.203 -0.026 -0.052 -0.009    
11500 3.50 -0.78 -0.55 -0.300 -0.102 -0.035 -0.072 -0.223 -0.029 -0.057 -0.011    
11750 3.50 -0.84 -0.60 -0.330 -0.107 -0.037 -0.077 -0.242 -0.032 -0.062 -0.013    
12000 3.50 -0.91 -0.65 -0.359 -0.111 -0.039 -0.082 -0.260 -0.034 -0.066 -0.014    
12250 3.50 -0.98 -0.70 -0.387 -0.116 -0.041 -0.087 -0.277 -0.036 -0.070 -0.016    
12500 3.50 -1.04 -0.75 -0.413 -0.120 -0.043 -0.092 -0.293 -0.038 -0.074 -0.017    
12750 3.50 -1.10 -0.79 -0.437 -0.125 -0.044 -0.096 -0.309 -0.041 -0.078 -0.019    
13000 3.50 -1.16 -0.84 -0.460 -0.129 -0.046 -0.101 -0.324 -0.042 -0.081 -0.020    
 3500 4.00  2.77 -1.70  1.284  1.425  0.857  1.908  4.476  0.839  1.051  0.230   
 3750 4.00  2.67 -1.33  1.362  1.415  0.829  1.713  3.999  0.876  1.020  0.152   
 4000 4.00  2.53 -1.03  1.381  1.352  0.798  1.539  3.558  0.853  0.954  0.101   
 4250 4.00  2.37 -0.76  1.250  1.245  0.736  1.373  3.130  0.769  0.849  0.078   
 4500 4.00  2.20 -0.55  1.023  1.127  0.648  1.215  2.753  0.671  0.738  0.066   
 4750 4.00  2.04 -0.39  0.806  1.025  0.566  1.077  2.430  0.584  0.641  0.056   
 5000 4.00  1.89 -0.27  0.617  0.936  0.500  0.964  2.156  0.509  0.558  0.048   
 5250 4.00  1.74 -0.18  0.448  0.849  0.448  0.872  1.921  0.446  0.488  0.040   
 5500 4.00  1.60 -0.12  0.302  0.762  0.404  0.793  1.718  0.391  0.429  0.032   
 5750 4.00  1.47 -0.07  0.186  0.677  0.365  0.721  1.537  0.345  0.378  0.026   
 6000 4.00  1.34 -0.04  0.103  0.598  0.328  0.654  1.372  0.303  0.332  0.022   
 6250 4.00  1.21 -0.01  0.048  0.525  0.295  0.590  1.221  0.264  0.289  0.019   
 6500 4.00  1.08  0.00  0.019  0.459  0.263  0.529  1.079  0.229  0.251  0.017   
 6750 4.00  0.96  0.02  0.011  0.401  0.232  0.469  0.946  0.195  0.215  0.015   
 7000 4.00  0.85  0.03  0.018  0.350  0.202  0.409  0.817  0.164  0.182  0.013   
 7250 4.00  0.73  0.04  0.034  0.305  0.173  0.349  0.695  0.134  0.151  0.013   
 7500 4.00  0.62  0.04  0.052  0.264  0.144  0.291  0.579  0.107  0.123  0.012   
 7750 4.00  0.51  0.04  0.070  0.224  0.116  0.235  0.470  0.083  0.098  0.012   
 8000 4.00  0.41  0.04  0.086  0.183  0.089  0.182  0.370  0.062  0.076  0.011   
 8250 4.00  0.31  0.02  0.098  0.139  0.064  0.135  0.283  0.044  0.058  0.012   
 8500 4.00  0.21  0.00  0.095  0.101  0.043  0.095  0.207  0.031  0.043  0.011   
 8750 4.00  0.11 -0.03  0.080  0.071  0.026  0.061  0.141  0.019  0.029  0.011   
 9000 4.00  0.02 -0.07  0.056  0.045  0.013  0.035  0.085  0.010  0.017  0.010    
 9250 4.00 -0.07 -0.11  0.029  0.021  0.002  0.013  0.038  0.003  0.007  0.008    
 9500 4.00 -0.16 -0.16 -0.001  0.000 -0.007 -0.006 -0.004 -0.003 -0.002  0.006    
 9750 4.00 -0.25 -0.21 -0.033 -0.017 -0.014 -0.021 -0.041 -0.009 -0.011  0.004    
10000 4.00 -0.33 -0.26 -0.066 -0.033 -0.020 -0.033 -0.075 -0.013 -0.019  0.002    
10250 4.00 -0.41 -0.31 -0.101 -0.046 -0.024 -0.044 -0.105 -0.017 -0.026 -0.001    
10500 4.00 -0.49 -0.36 -0.135 -0.057 -0.028 -0.053 -0.133 -0.020 -0.033 -0.003    
10750 4.00 -0.57 -0.41 -0.170 -0.067 -0.031 -0.060 -0.159 -0.024 -0.040 -0.005    
11000 4.00 -0.64 -0.46 -0.204 -0.076 -0.034 -0.067 -0.183 -0.027 -0.046 -0.007    
11250 4.00 -0.71 -0.51 -0.236 -0.083 -0.037 -0.074 -0.205 -0.029 -0.051 -0.009    
11500 4.00 -0.78 -0.56 -0.268 -0.089 -0.039 -0.079 -0.226 -0.032 -0.056 -0.011    
11750 4.00 -0.85 -0.60 -0.299 -0.095 -0.041 -0.085 -0.245 -0.034 -0.061 -0.013    
12000 4.00 -0.92 -0.65 -0.328 -0.101 -0.043 -0.089 -0.263 -0.037 -0.066 -0.015    
12250 4.00 -0.98 -0.70 -0.356 -0.106 -0.044 -0.094 -0.281 -0.039 -0.070 -0.016    
12500 4.00 -1.05 -0.75 -0.383 -0.111 -0.046 -0.099 -0.297 -0.041 -0.074 -0.018    
12750 4.00 -1.11 -0.80 -0.408 -0.115 -0.048 -0.103 -0.313 -0.043 -0.078 -0.019    
13000 4.00 -1.17 -0.84 -0.431 -0.120 -0.050 -0.108 -0.328 -0.044 -0.081 -0.020    
 3500 4.50  2.73 -1.62  1.274  1.460  0.884  1.904  4.349  0.782  1.016  0.252   
 3750 4.50  2.60 -1.25  1.279  1.423  0.849  1.716  3.857  0.773  0.954  0.193   
 4000 4.50  2.49 -1.00  1.289  1.357  0.813  1.558  3.496  0.790  0.912  0.126   
 4250 4.50  2.36 -0.77  1.228  1.249  0.751  1.393  3.136  0.755  0.841  0.082   
 4500 4.50  2.21 -0.57  1.035  1.126  0.665  1.233  2.772  0.674  0.743  0.062   
 4750 4.50  2.05 -0.40  0.822  1.019  0.580  1.092  2.447  0.588  0.646  0.053   
 5000 4.50  1.89 -0.28  0.630  0.930  0.510  0.974  2.168  0.513  0.563  0.045   
 5250 4.50  1.75 -0.18  0.457  0.847  0.454  0.878  1.930  0.449  0.492  0.037   
 5500 4.50  1.61 -0.12  0.303  0.764  0.408  0.797  1.724  0.395  0.432  0.031   
 5750 4.50  1.47 -0.07  0.177  0.683  0.368  0.726  1.543  0.348  0.380  0.025   
 6000 4.50  1.34 -0.04  0.081  0.607  0.332  0.660  1.380  0.307  0.334  0.020   
 6250 4.50  1.21 -0.02  0.013  0.536  0.300  0.599  1.231  0.269  0.292  0.017   
 6500 4.50  1.09 -0.00 -0.029  0.472  0.269  0.540  1.093  0.235  0.254  0.015   
 6750 4.50  0.97  0.00 -0.050  0.415  0.239  0.483  0.964  0.204  0.220  0.012   
 7000 4.50  0.85  0.01 -0.050  0.366  0.211  0.427  0.841  0.173  0.187  0.011   
 7250 4.50  0.74  0.02 -0.040  0.324  0.183  0.371  0.722  0.144  0.157  0.009   
 7500 4.50  0.63  0.02 -0.023  0.285  0.156  0.316  0.609  0.117  0.129  0.009   
 7750 4.50  0.52  0.02 -0.005  0.250  0.129  0.262  0.501  0.093  0.104  0.008   
 8000 4.50  0.42  0.02  0.013  0.216  0.103  0.210  0.401  0.070  0.081  0.008   
 8250 4.50  0.32  0.00  0.030  0.182  0.078  0.161  0.308  0.050  0.061  0.007   
 8500 4.50  0.22 -0.01  0.040  0.145  0.056  0.117  0.228  0.035  0.045  0.008   
 8750 4.50  0.12 -0.04  0.041  0.111  0.036  0.080  0.159  0.023  0.032  0.008   
 9000 4.50  0.03 -0.07  0.031  0.083  0.020  0.048  0.099  0.012  0.020  0.008    
 9250 4.50 -0.06 -0.11  0.012  0.058  0.008  0.023  0.048  0.004  0.009  0.006    
 9500 4.50 -0.15 -0.16 -0.009  0.037 -0.002  0.002  0.003 -0.003  0.000  0.005    
 9750 4.50 -0.24 -0.21 -0.034  0.017 -0.011 -0.015 -0.036 -0.009 -0.009  0.003    
10000 4.50 -0.33 -0.25 -0.061  0.000 -0.018 -0.030 -0.071 -0.014 -0.017  0.001    
10250 4.50 -0.41 -0.31 -0.091 -0.016 -0.023 -0.042 -0.103 -0.018 -0.024 -0.001    
10500 4.50 -0.49 -0.36 -0.122 -0.030 -0.028 -0.053 -0.131 -0.022 -0.031 -0.003    
10750 4.50 -0.57 -0.41 -0.153 -0.042 -0.032 -0.062 -0.158 -0.025 -0.038 -0.005    
11000 4.50 -0.64 -0.46 -0.184 -0.053 -0.035 -0.070 -0.182 -0.028 -0.044 -0.007    
11250 4.50 -0.71 -0.51 -0.215 -0.063 -0.038 -0.077 -0.205 -0.030 -0.049 -0.009    
11500 4.50 -0.78 -0.56 -0.246 -0.071 -0.041 -0.083 -0.227 -0.034 -0.055 -0.011    
11750 4.50 -0.85 -0.61 -0.276 -0.078 -0.043 -0.089 -0.247 -0.036 -0.060 -0.013    
12000 4.50 -0.92 -0.66 -0.305 -0.084 -0.045 -0.094 -0.265 -0.037 -0.064 -0.015    
12250 4.50 -0.99 -0.70 -0.333 -0.090 -0.047 -0.099 -0.283 -0.040 -0.069 -0.016    
12500 4.50 -1.05 -0.75 -0.360 -0.096 -0.049 -0.104 -0.300 -0.042 -0.073 -0.018    
12750 4.50 -1.11 -0.80 -0.385 -0.101 -0.051 -0.108 -0.316 -0.044 -0.077 -0.019    
13000 4.50 -1.18 -0.85 -0.410 -0.106 -0.052 -0.112 -0.332 -0.046 -0.081 -0.021    
 3500 5.00  2.71 -1.59  1.300  1.497  0.914  1.916  4.298  0.761  1.005  0.259   
 3750 5.00  2.56 -1.22  1.233  1.427  0.865  1.722  3.780  0.714  0.918  0.216   
 4000 5.00  2.44 -0.97  1.198  1.353  0.823  1.568  3.410  0.710  0.862  0.160   
 4250 5.00  2.33 -0.77  1.162  1.254  0.763  1.414  3.101  0.708  0.811  0.103   
 4500 5.00  2.20 -0.58  1.044  1.134  0.683  1.254  2.782  0.664  0.738  0.066   
 4750 5.00  2.05 -0.41  0.847  1.020  0.597  1.109  2.464  0.591  0.650  0.050   
 5000 5.00  1.90 -0.28  0.655  0.928  0.522  0.987  2.182  0.517  0.567  0.042   
 5250 5.00  1.75 -0.19  0.480  0.847  0.462  0.886  1.939  0.452  0.495  0.035   
 5500 5.00  1.61 -0.12  0.320  0.769  0.413  0.803  1.730  0.397  0.434  0.029   
 5750 5.00  1.47 -0.07  0.182  0.692  0.373  0.730  1.548  0.351  0.382  0.023   
 6000 5.00  1.34 -0.04  0.073  0.617  0.337  0.666  1.386  0.309  0.335  0.019   
 6250 5.00  1.22 -0.02 -0.010  0.548  0.304  0.606  1.239  0.273  0.294  0.016   
 6500 5.00  1.09 -0.01 -0.065  0.485  0.274  0.550  1.104  0.241  0.257  0.013   
 6750 5.00  0.97 -0.00 -0.101  0.429  0.246  0.496  0.980  0.211  0.223  0.011   
 7000 5.00  0.86 -0.00 -0.113  0.381  0.218  0.443  0.860  0.182  0.192  0.009   
 7250 5.00  0.74 -0.00 -0.111  0.340  0.192  0.391  0.746  0.154  0.162  0.007   
 7500 5.00  0.63 -0.00 -0.101  0.304  0.166  0.339  0.637  0.128  0.135  0.006   
 7750 5.00  0.53 -0.00 -0.084  0.272  0.141  0.288  0.532  0.104  0.110  0.005   
 8000 5.00  0.43 -0.00 -0.067  0.242  0.116  0.238  0.433  0.081  0.087  0.004   
 8250 5.00  0.32 -0.01 -0.050  0.213  0.093  0.190  0.339  0.060  0.066  0.004   
 8500 5.00  0.23 -0.03 -0.034  0.185  0.070  0.143  0.253  0.042  0.048  0.004   
 8750 5.00  0.13 -0.05 -0.025  0.155  0.049  0.103  0.179  0.029  0.034  0.004   
 9000 5.00  0.04 -0.08 -0.016  0.122  0.029  0.067  0.118  0.018  0.024  0.005    
 9250 5.00 -0.06 -0.12 -0.025  0.098  0.015  0.039  0.062  0.009  0.013  0.004    
 9500 5.00 -0.15 -0.16 -0.039  0.077  0.003  0.015  0.014  0.001  0.003  0.003    
 9750 5.00 -0.23 -0.21 -0.057  0.057 -0.006 -0.005 -0.028 -0.006 -0.006  0.002    
10000 5.00 -0.32 -0.25 -0.077  0.038 -0.014 -0.022 -0.065 -0.011 -0.014  0.000    
10250 5.00 -0.40 -0.30 -0.099  0.020 -0.021 -0.037 -0.099 -0.017 -0.022 -0.002    
10500 5.00 -0.48 -0.35 -0.124  0.005 -0.027 -0.049 -0.129 -0.021 -0.029 -0.004    
10750 5.00 -0.56 -0.41 -0.151 -0.009 -0.032 -0.060 -0.156 -0.025 -0.036 -0.006    
11000 5.00 -0.64 -0.46 -0.179 -0.022 -0.036 -0.069 -0.182 -0.028 -0.042 -0.008    
11250 5.00 -0.71 -0.51 -0.206 -0.034 -0.039 -0.077 -0.205 -0.030 -0.047 -0.009    
11500 5.00 -0.79 -0.56 -0.235 -0.045 -0.042 -0.084 -0.227 -0.034 -0.053 -0.011    
11750 5.00 -0.85 -0.61 -0.263 -0.054 -0.045 -0.090 -0.247 -0.036 -0.058 -0.013    
12000 5.00 -0.92 -0.66 -0.292 -0.062 -0.047 -0.096 -0.267 -0.038 -0.063 -0.015    
12250 5.00 -0.99 -0.71 -0.319 -0.069 -0.049 -0.102 -0.285 -0.040 -0.067 -0.016    
12500 5.00 -1.06 -0.75 -0.345 -0.076 -0.051 -0.106 -0.302 -0.043 -0.072 -0.018    
12750 5.00 -1.12 -0.80 -0.370 -0.082 -0.053 -0.111 -0.318 -0.045 -0.076 -0.019    
13000 5.00 -1.18 -0.85 -0.395 -0.087 -0.055 -0.116 -0.334 -0.047 -0.080 -0.021    
