 301  -1
  0.553085191495D+00  5.495196410134D+06  2.027428793261D+10  1.114016408186D+33
  0.462121635742D+00  5.230103966454D+06  2.128179294460D+10  1.115431460344D+33
  0.386914920662D+00  4.981990481223D+06  2.232369242637D+10  1.116779129065D+33
  0.324621194447D+00  4.749685016607D+06  2.340043149497D+10  1.118062623085D+33
  0.272925778533D+00  4.531847455940D+06  2.451238559982D+10  1.119284998342D+33
  0.229956665477D+00  4.327413136097D+06  2.565983244361D+10  1.120449165254D+33
  0.194180231747D+00  4.135379071865D+06  2.684292349895D+10  1.121557895646D+33
  0.164332208896D+00  3.954689033620D+06  2.806171526392D+10  1.122613829352D+33
  0.139396332455D+00  3.784275498663D+06  2.931612485512D+10  1.123619480502D+33
  0.118534752644D+00  3.623238902576D+06  3.060584995424D+10  1.124577243501D+33
  0.101048858042D+00  3.470906522241D+06  3.193040138062D+10  1.125489398738D+33
  8.635225554786D-02  3.326708069371D+06  3.328923220844D+10  1.126358118012D+33
  7.398656370813D-02  3.189984938023D+06  3.468164779468D+10  1.127185469701D+33
  6.356595273846D-02  3.060000446161D+06  3.610666243393D+10  1.127973423691D+33
  5.476424139608D-02  2.935968019036D+06  3.756311063377D+10  1.128723856062D+33
  4.731835704263D-02  2.817543313793D+06  3.904963641225D+10  1.129438553559D+33
  4.100047106099D-02  2.704479436747D+06  4.056476386352D+10  1.130119217841D+33
  3.562478203846D-02  2.596419281862D+06  4.210703428000D+10  1.130767469538D+33
  3.104102649264D-02  2.493168380702D+06  4.367491909828D+10  1.131384852107D+33
  2.711721216147D-02  2.394593811892D+06  4.526695198386D+10  1.131972835506D+33
  2.375009202945D-02  2.300540547366D+06  4.688178057851D+10  1.132532819696D+33
  2.085227978567D-02  2.210794982779D+06  4.851807353994D+10  1.133066137971D+33
  1.835007072076D-02  2.125193984527D+06  5.017462969770D+10  1.133574060139D+33
  1.618524800674D-02  2.043567186802D+06  5.185029376848D+10  1.134057795536D+33
  1.430369847198D-02  1.965853235936D+06  5.354410836654D+10  1.134518495915D+33
  1.266518053885D-02  1.892081773193D+06  5.525533883449D+10  1.134957258180D+33
  1.123162698286D-02  1.822178553667D+06  5.698350631436D+10  1.135375127004D+33
  9.976376618639D-03  1.755964186116D+06  5.872829842893D+10  1.135773097313D+33
  8.873368662795D-03  1.693211195140D+06  6.048947151514D+10  1.136152116655D+33
  7.904042148707D-03  1.633685184504D+06  6.226679461355D+10  1.136513087456D+33
  7.048828595099D-03  1.577227262128D+06  6.406010778175D+10  1.136856869172D+33
  6.294766067575D-03  1.523615875225D+06  6.586926452793D+10  1.137184280330D+33
  5.627267734136D-03  1.472680900688D+06  6.769414400385D+10  1.137496100480D+33
  5.036774844807D-03  1.424284003521D+06  6.953466440888D+10  1.137793072052D+33
  4.512527241752D-03  1.378251674645D+06  7.139075961907D+10  1.138075902120D+33
  4.047626410971D-03  1.334396763404D+06  7.326233896299D+10  1.138345264090D+33
  3.634122951591D-03  1.292555919349D+06  7.514923201996D+10  1.138601799299D+33
  3.266411226383D-03  1.252606274971D+06  7.705129206667D+10  1.138846118546D+33
  2.938559937561D-03  1.214455124009D+06  7.896836895523D+10  1.139078803543D+33
  2.646281185714D-03  1.177980448079D+06  8.090032776427D+10  1.139300408302D+33
  2.385205987403D-03  1.143079013858D+06  8.284698701143D+10  1.139511460454D+33
  2.151870940907D-03  1.109629860597D+06  8.480819433757D+10  1.139712462503D+33
  1.943204365073D-03  1.077559363126D+06  8.678369399643D+10  1.139903893026D+33
  1.756146590388D-03  1.046794295218D+06  8.877331927510D+10  1.140086207810D+33
  1.588607191230D-03  1.017264094254D+06  9.077685163092D+10  1.140259840937D+33
  1.438008446029D-03  9.889099362649D+05  9.279414545881D+10  1.140425205821D+33
  1.302767925282D-03  9.617237786389D+05  9.482513016703D+10  1.140582696186D+33
  1.180952773463D-03  9.356759430404D+05  9.686975995142D+10  1.140732687010D+33
  1.071264865710D-03  9.106984840186D+05  9.892808864551D+10  1.140875535413D+33
  9.723924929597D-04  8.867477797044D+05  1.010000794228D+11  1.141011581512D+33
  8.831351243691D-04  8.637517950774D+05  1.030857927582D+11  1.141141149225D+33
  8.026465557765D-04  8.416577090475D+05  1.051851745486D+11  1.141264547047D+33
  7.298211924735D-04  8.204289846753D+05  1.072982457083D+11  1.141382068782D+33
  6.640575878725D-04  8.000062388947D+05  1.094250242483D+11  1.141493994244D+33
  6.045668698696D-04  7.803485158649D+05  1.115653633706D+11  1.141600589922D+33
  5.506998135085D-04  7.614141172147D+05  1.137192443758D+11  1.141702109616D+33
  5.019887828207D-04  7.431546451698D+05  1.158864713798D+11  1.141798795038D+33
  4.577750528759D-04  7.255326406871D+05  1.180669532573D+11  1.141890876393D+33
  4.177537956218D-04  7.085110169612D+05  1.202605643627D+11  1.141978572921D+33
  3.814338185915D-04  6.920709155720D+05  1.224670252907D+11  1.142062093424D+33
  3.484615029571D-04  6.761833706452D+05  1.246862166892D+11  1.142141636761D+33
  3.185565678299D-04  6.608296820149D+05  1.269178274766D+11  1.142217392319D+33
  2.913265250010D-04  6.459781284563D+05  1.291617170768D+11  1.142289540470D+33
  2.666080648827D-04  6.315969356682D+05  1.314177096667D+11  1.142358252994D+33
  2.441257974950D-04  6.176702670183D+05  1.336853887014D+11  1.142423693494D+33
  2.236441717146D-04  6.041747520505D+05  1.359645680316D+11  1.142486017779D+33
  2.050253371763D-04  5.910840029666D+05  1.382548861355D+11  1.142545374242D+33
  1.880440575075D-04  5.783849689244D+05  1.405559684278D+11  1.142601904206D+33
  1.725693001664D-04  5.660674224201D+05  1.428675639028D+11  1.142655742267D+33
  1.584722896883D-04  5.541196234820D+05  1.451891821474D+11  1.142707016610D+33
  1.455752948609D-04  5.425200095653D+05  1.475206028053D+11  1.142755849319D+33
  1.338226842234D-04  5.312499174176D+05  1.498615267860D+11  1.142802356660D+33
  1.230896117384D-04  5.202971388978D+05  1.522113592001D+11  1.142846649366D+33
  1.132649154373D-04  5.096525375273D+05  1.545698292480D+11  1.142888832896D+33
  1.042949389218D-04  4.993081232165D+05  1.569365294613D+11  1.142929007686D+33
  9.608410519138D-05  4.892390344920D+05  1.593109364297D+11  1.142967269390D+33
  8.856709687382D-05  4.794310635752D+05  1.616926804595D+11  1.143003709109D+33
  8.171500134245D-05  4.698743643863D+05  1.640808674610D+11  1.143038413603D+33
  7.548401648422D-05  4.605437257133D+05  1.664738095580D+11  1.143071465503D+33
  6.972927015135D-05  4.514318973410D+05  1.688709282332D+11  1.143102943502D+33
  6.443839035167D-05  4.425361933285D+05  1.712725996803D+11  1.143132922549D+33
  5.957372421268D-05  4.338457943255D+05  1.736786958448D+11  1.143161474022D+33
  5.511145642150D-05  4.253544511352D+05  1.760887755831D+11  1.143188665901D+33
  5.102071648336D-05  4.170513944727D+05  1.785020113808D+11  1.143214562929D+33
  4.725368902613D-05  4.089312597393D+05  1.809178282373D+11  1.143239226765D+33
  4.379202233993D-05  4.009914202774D+05  1.833357737825D+11  1.143262716133D+33
  4.061320910583D-05  3.932334978709D+05  1.857550326195D+11  1.143285086959D+33
  3.767713888959D-05  3.856656806798D+05  1.881751513769D+11  1.143306392508D+33
  3.497220415922D-05  3.782865122546D+05  1.905958835763D+11  1.143326683507D+33
  3.248245634180D-05  3.710881603297D+05  1.930165769867D+11  1.143346008268D+33
  3.017987308429D-05  3.640640718067D+05  1.954368287303D+11  1.143364412802D+33
  2.805480694809D-05  3.572082603766D+05  1.978563904579D+11  1.143381940930D+33
  2.609495779627D-05  3.505217726637D+05  2.002746801610D+11  1.143398634385D+33
  2.428126799525D-05  3.439999146594D+05  2.026912657219D+11  1.143414532914D+33
  2.260246012437D-05  3.376299208001D+05  2.051059549020D+11  1.143429674369D+33
  2.105243871179D-05  3.314130141001D+05  2.075182767756D+11  1.143444094804D+33
  1.961770012428D-05  3.253504296831D+05  2.099276744513D+11  1.143457828550D+33
  1.828487514710D-05  3.194322215296D+05  2.123340379979D+11  1.143470908309D+33
  1.705305230193D-05  3.136518615354D+05  2.147370601995D+11  1.143483365222D+33
  1.591352854351D-05  3.080058521190D+05  2.171359991669D+11  1.143495228949D+33
  1.485179698155D-05  3.024912533802D+05  2.195307109951D+11  1.143506527737D+33
  1.386870478434D-05  2.971031491922D+05  2.219210677115D+11  1.143517288487D+33
  1.295819695794D-05  2.918367371857D+05  2.243063757611D+11  1.143527536820D+33
  1.211101937447D-05  2.866884641850D+05  2.266862621169D+11  1.143537297137D+33
  1.132333021292D-05  2.816543803449D+05  2.290606051426D+11  1.143546592678D+33
  1.059291861586D-05  2.767336624502D+05  2.314289470538D+11  1.143555445574D+33
  9.914577844459D-06  2.719208293618D+05  2.337906674303D+11  1.143563876903D+33
  9.280654338924D-06  2.672132927457D+05  2.361456917518D+11  1.143571906740D+33
  8.692276415574D-06  2.626090880563D+05  2.384938460678D+11  1.143579554204D+33
  8.145758900989D-06  2.581024092835D+05  2.408344208680D+11  1.143586837503D+33
  7.635463963069D-06  2.536917347662D+05  2.431670984959D+11  1.143593773979D+33
  7.159669366636D-06  2.493733189160D+05  2.454917958306D+11  1.143600380146D+33
  6.717524761001D-06  2.451369338147D+05  2.478080162239D+11  1.143606671733D+33
  6.306511870326D-06  2.409784328299D+05  2.501149757931D+11  1.143612663722D+33
  5.920870771051D-06  2.368964803386D+05  2.524125362673D+11  1.143618370377D+33
  5.562318070601D-06  2.328877166641D+05  2.547005280368D+11  1.143623805287D+33
  5.228610505971D-06  2.289494254708D+05  2.569781403284D+11  1.143628981392D+33
  4.916956299532D-06  2.250807470826D+05  2.592448200502D+11  1.143633911015D+33
  4.624999370406D-06  2.212796786299D+05  2.615004197910D+11  1.143638605895D+33
  4.352895550663D-06  2.175436116545D+05  2.637446042699D+11  1.143643077209D+33
  4.099341634498D-06  2.138706529946D+05  2.659766200682D+11  1.143647335603D+33
  3.861645663167D-06  2.102613280633D+05  2.681960537774D+11  1.143651391216D+33
  3.638934639453D-06  2.067131869292D+05  2.704028142412D+11  1.143655253705D+33
  3.431010563310D-06  2.032254284609D+05  2.725964952688D+11  1.143658932266D+33
  3.236833379810D-06  1.997972468567D+05  2.747764284019D+11  1.143662435658D+33
  3.054412620883D-06  1.964231979852D+05  2.769422970149D+11  1.143665772221D+33
  2.883417769429D-06  1.931002122750D+05  2.790939805008D+11  1.143668949900D+33
  2.723635110497D-06  1.898254493324D+05  2.812309825954D+11  1.143671976262D+33
  2.574239971146D-06  1.865983001428D+05  2.833526071302D+11  1.143674858510D+33
  2.433657730901D-06  1.834195731451D+05  2.854585382143D+11  1.143677603509D+33
  2.301558591483D-06  1.802893964003D+05  2.875487211170D+11  1.143680217794D+33
  2.177925769800D-06  1.772052488644D+05  2.896227459440D+11  1.143682707589D+33
  2.062066547307D-06  1.741665339522D+05  2.916800072503D+11  1.143685078822D+33
  1.953040706470D-06  1.711737191161D+05  2.937201714009D+11  1.143687337139D+33
  1.850180711310D-06  1.682248663678D+05  2.957432462958D+11  1.143689487918D+33
  1.753716475615D-06  1.653203586503D+05  2.977490222646D+11  1.143691536278D+33
  1.663158911488D-06  1.624604193252D+05  2.997369847564D+11  1.143693487098D+33
  1.577999756579D-06  1.596446212974D+05  3.017067331389D+11  1.143695345021D+33
  1.497190590606D-06  1.568770839959D+05  3.036583953820D+11  1.143697114472D+33
  1.421123032413D-06  1.541622357261D+05  3.055921265680D+11  1.143698799663D+33
  1.349484588409D-06  1.515010106478D+05  3.075076655722D+11  1.143700404607D+33
  1.281903003033D-06  1.488950413800D+05  3.094048311208D+11  1.143701933125D+33
  1.217716070843D-06  1.463432231032D+05  3.112838282401D+11  1.143703388856D+33
  1.156979425385D-06  1.438434170586D+05  3.131449863382D+11  1.143704775267D+33
  1.099646117238D-06  1.413961748434D+05  3.149883152360D+11  1.143706095659D+33
  1.045488753484D-06  1.390007852597D+05  3.168137164700D+11  1.143707353174D+33
  9.942180482598D-07  1.366570469582D+05  3.186212008270D+11  1.143708550808D+33
  9.453451279137D-07  1.343645460615D+05  3.204111709597D+11  1.143709691412D+33
  8.991176829397D-07  1.321219628972D+05  3.221839716676D+11  1.143710777701D+33
  8.553983162628D-07  1.299287648601D+05  3.239395710776D+11  1.143711812262D+33
  8.140102240576D-07  1.277844487347D+05  3.256779528693D+11  1.143712797559D+33
  7.746209547883D-07  1.256864028826D+05  3.273993516165D+11  1.143713735936D+33
  7.371339154906D-07  1.236355962059D+05  3.291042115209D+11  1.143714629629D+33
  7.016188222135D-07  1.216339715784D+05  3.307927669338D+11  1.143715480765D+33
  6.679468648458D-07  1.196793879780D+05  3.324650729324D+11  1.143716291371D+33
  6.360112460784D-07  1.177708898448D+05  3.341212115904D+11  1.143717063376D+33
  6.054525421277D-07  1.159078533672D+05  3.357616234193D+11  1.143717798620D+33
  5.764271723152D-07  1.140885902924D+05  3.373867969167D+11  1.143718498851D+33
  5.488997034432D-07  1.123116278747D+05  3.389968473025D+11  1.143719165739D+33
  5.227801784739D-07  1.105759663601D+05  3.405918328664D+11  1.143719800870D+33
  4.979444111681D-07  1.088807017527D+05  3.421718973741D+11  1.143720405756D+33
  4.741625360765D-07  1.072243223346D+05  3.437375246225D+11  1.143720981839D+33
  4.516079684057D-07  1.056046714729D+05  3.452890907298D+11  1.143721530488D+33
  4.301939696751D-07  1.040219528170D+05  3.468266327917D+11  1.143722053012D+33
  4.098619336257D-07  1.024743997977D+05  3.483502172899D+11  1.143722550654D+33
  3.904774867446D-07  1.009605963324D+05  3.498600518382D+11  1.143723024598D+33
  3.719600699412D-07  9.948037936273D+04  3.513565579451D+11  1.143723475974D+33
  3.543794389075D-07  9.803346804392D+04  3.528399964668D+11  1.143723905855D+33
  3.376694226730D-07  9.662086761116D+04  3.543104343821D+11  1.143724315266D+33
  3.217865495641D-07  9.524099056830D+04  3.557679684129D+11  1.143724705182D+33
  3.065853074684D-07  9.389294665005D+04  3.572129293029D+11  1.143725076529D+33
  2.920901701386D-07  9.257595445911D+04  3.586457547972D+11  1.143725430194D+33
  2.783193501123D-07  9.128817983321D+04  3.600666182112D+11  1.143725767017D+33
  2.652338140278D-07  9.002906674016D+04  3.614755626260D+11  1.143726087802D+33
  2.527921080318D-07  8.879850531595D+04  3.628726486890D+11  1.143726393310D+33
  2.408495161549D-07  8.759498647938D+04  3.642582700032D+11  1.143726684271D+33
  2.294946220023D-07  8.641660778584D+04  3.656328177947D+11  1.143726961377D+33
  2.187069428913D-07  8.526292266164D+04  3.669963327562D+11  1.143727225287D+33
  2.084529102376D-07  8.413355406772D+04  3.683488374981D+11  1.143727476630D+33
  1.986966893948D-07  8.302755096159D+04  3.696903942091D+11  1.143727716004D+33
  1.893299817752D-07  8.194405178949D+04  3.710213818473D+11  1.143727943979D+33
  1.804338837960D-07  8.088244096505D+04  3.723421210396D+11  1.143728161098D+33
  1.719809086924D-07  7.984203450622D+04  3.736525948482D+11  1.143728367879D+33
  1.639488172208D-07  7.882200040433D+04  3.749527931611D+11  1.143728564812D+33
  1.562879603271D-07  7.782135911659D+04  3.762428158996D+11  1.143728752368D+33
  1.489523719737D-07  7.683854100722D+04  3.775229970950D+11  1.143728930993D+33
  1.419909462926D-07  7.587270353028D+04  3.787935138093D+11  1.143729101112D+33
  1.353759769175D-07  7.492389597536D+04  3.800543011267D+11  1.143729263130D+33
  1.290928103489D-07  7.399152884211D+04  3.813053135128D+11  1.143729417432D+33
  1.230907081463D-07  7.307491189291D+04  3.825466559274D+11  1.143729564387D+33
  1.173534185681D-07  7.217329434215D+04  3.837786181307D+11  1.143729704344D+33
  1.119069952636D-07  7.128624846279D+04  3.850013027154D+11  1.143729837637D+33
  1.067346754819D-07  7.041349097206D+04  3.862146145450D+11  1.143729964582D+33
  1.018205597026D-07  6.955487953293D+04  3.874184745648D+11  1.143730085482D+33
  9.711350296503D-08  6.871015397651D+04  3.886130422615D+11  1.143730200625D+33
  9.262384837147D-08  6.787833471697D+04  3.897985866390D+11  1.143730310285D+33
  8.836036126553D-08  6.705947897667D+04  3.909751300383D+11  1.143730414723D+33
  8.430964918162D-08  6.625346627325D+04  3.921425787214D+11  1.143730514188D+33
  8.046195326969D-08  6.545922954505D+04  3.933008395045D+11  1.143730608917D+33
  7.677123831351D-08  6.467677280752D+04  3.944500726107D+11  1.143730699134D+33
  7.325307481932D-08  6.390631269560D+04  3.955905328836D+11  1.143730785056D+33
  6.991240351417D-08  6.314692224473D+04  3.967222000253D+11  1.143730866886D+33
  6.674305495366D-08  6.239542751211D+04  3.978449203038D+11  1.143730944819D+33
  6.373942302304D-08  6.164807411231D+04  3.989584822463D+11  1.143731019042D+33
  6.086482958391D-08  6.090377909430D+04  4.000628922307D+11  1.143731089729D+33
  5.813533593938D-08  6.016226043155D+04  4.011582026339D+11  1.143731157051D+33
  5.555161490704D-08  5.942279331705D+04  4.022441820992D+11  1.143731221167D+33
  5.310648556158D-08  5.868512707488D+04  4.033205094481D+11  1.143731282230D+33
  5.078945081875D-08  5.794923406757D+04  4.043868838749D+11  1.143731340385D+33
  4.857462248395D-08  5.721425950613D+04  4.054432383976D+11  1.143731395771D+33
  4.647077364689D-08  5.647948698875D+04  4.064895598533D+11  1.143731448519D+33
  4.448026766552D-08  5.574475172164D+04  4.075255902644D+11  1.143731498756D+33
  4.259754211932D-08  5.501029482991D+04  4.085509696026D+11  1.143731546600D+33
  4.081490592541D-08  5.427552688550D+04  4.095653521026D+11  1.143731592166D+33
  3.911779378357D-08  5.354027361893D+04  4.105685310097D+11  1.143731635562D+33
  3.749866498036D-08  5.280456979977D+04  4.115604594046D+11  1.143731676892D+33
  3.596859994395D-08  5.206771732112D+04  4.125409326341D+11  1.143731716254D+33
  3.452204387205D-08  5.132935764150D+04  4.135095559284D+11  1.143731753741D+33
  3.315468276180D-08  5.058953972626D+04  4.144659434887D+11  1.143731789443D+33
  3.186087113657D-08  4.984853382134D+04  4.154097298831D+11  1.143731823445D+33
  3.062259336345D-08  4.910768475832D+04  4.163407860991D+11  1.143731855828D+33
  2.944895516862D-08  4.836747085079D+04  4.172590175389D+11  1.143731886669D+33
  2.833843552251D-08  4.762813237909D+04  4.181641225945D+11  1.143731916041D+33
  2.728709756028D-08  4.689048121283D+04  4.190557856488D+11  1.143731944015D+33
  2.629118158288D-08  4.615447600282D+04  4.199337185200D+11  1.143731970656D+33
  2.534701761459D-08  4.542053584786D+04  4.207976647306D+11  1.143731996029D+33
  2.444166751976D-08  4.468952071934D+04  4.216475658880D+11  1.143732020194D+33
  2.357945208016D-08  4.396144692615D+04  4.224834383756D+11  1.143732043208D+33
  2.275907185833D-08  4.323668573937D+04  4.233051807533D+11  1.143732065126D+33
  2.197712311819D-08  4.251619779801D+04  4.241127075442D+11  1.143732086000D+33
  2.122933681532D-08  4.180029538145D+04  4.249060084261D+11  1.143732105880D+33
  2.051303549389D-08  4.108951579268D+04  4.256851427242D+11  1.143732124814D+33
  1.982274164506D-08  4.038465692656D+04  4.264502703803D+11  1.143732142846D+33
  1.915067895338D-08  3.968729574625D+04  4.272017588081D+11  1.143732160019D+33
  1.849978123277D-08  3.900243135221D+04  4.279400314019D+11  1.143732176375D+33
  1.786686699442D-08  3.833414309672D+04  4.286654844132D+11  1.143732191952D+33
  1.725160672490D-08  3.768232887874D+04  4.293785517278D+11  1.143732206786D+33
  1.665312114527D-08  3.704706114606D+04  4.300796624796D+11  1.143732220915D+33
  1.607137793522D-08  3.642844985296D+04  4.307692361320D+11  1.143732234371D+33
  1.550270056728D-08  3.582594581377D+04  4.314477446233D+11  1.143732247186D+33
  1.494871077831D-08  3.523906480295D+04  4.321156802689D+11  1.143732259391D+33
  1.441265806719D-08  3.466715073399D+04  4.327734051912D+11  1.143732271014D+33
  1.389389055980D-08  3.410944176128D+04  4.334211955815D+11  1.143732282084D+33
  1.339242214794D-08  3.356536110152D+04  4.340593105350D+11  1.143732292627D+33
  1.290774053681D-08  3.303439281618D+04  4.346879891858D+11  1.143732302668D+33
  1.243805621285D-08  3.251611138457D+04  4.353074948119D+11  1.143732312231D+33
  1.198124277077D-08  3.200938691598D+04  4.359181586433D+11  1.143732321338D+33
  1.154158437200D-08  3.151278345551D+04  4.365202303188D+11  1.143732330012D+33
  1.111864677070D-08  3.102515630564D+04  4.371138308686D+11  1.143732338273D+33
  1.071202410891D-08  3.054518385932D+04  4.376990664873D+11  1.143732346140D+33
  1.032129170249D-08  3.007227273634D+04  4.382760286238D+11  1.143732353633D+33
  9.945498347424D-09  2.960586627998D+04  4.388448097933D+11  1.143732360769D+33
  9.581633742553D-09  2.914517280540D+04  4.394055800399D+11  1.143732367565D+33
  9.232673416077D-09  2.868963004347D+04  4.399584776133D+11  1.143732374037D+33
  8.898275838171D-09  2.823859696798D+04  4.405035305384D+11  1.143732380201D+33
  8.577804543265D-09  2.779185978117D+04  4.410407580902D+11  1.143732386072D+33
  8.270459285933D-09  2.734905637771D+04  4.415701861948D+11  1.143732391663D+33
  7.976141238069D-09  2.690953683271D+04  4.420918322524D+11  1.143732396988D+33
  7.691856056442D-09  2.647258238697D+04  4.426057793068D+11  1.143732402059D+33
  7.419936184174D-09  2.603712509690D+04  4.431120988932D+11  1.143732406889D+33
  7.160487252361D-09  2.560160619546D+04  4.436107483346D+11  1.143732411489D+33
  6.913500515708D-09  2.516427577359D+04  4.441016439161D+11  1.143732415870D+33
  6.679038430321D-09  2.472285749445D+04  4.445846612483D+11  1.143732420042D+33
  6.457302157321D-09  2.427467970466D+04  4.450596270311D+11  1.143732424016D+33
  6.248011903652D-09  2.381681833604D+04  4.455263311651D+11  1.143732427800D+33
  6.051358516794D-09  2.334531209525D+04  4.459845276183D+11  1.143732431404D+33
  5.869387893632D-09  2.285547791308D+04  4.464338480764D+11  1.143732434837D+33
  5.703359070655D-09  2.234157117068D+04  4.468737613217D+11  1.143732438106D+33
  5.555142594908D-09  2.179584204096D+04  4.473035818182D+11  1.143732441219D+33
  5.428281712230D-09  2.120639051109D+04  4.477223917724D+11  1.143732444184D+33
  5.329052880544D-09  2.055362687243D+04  4.481288955761D+11  1.143732447008D+33
  5.271274715551D-09  1.980200491735D+04  4.485210921397D+11  1.143732449697D+33
  5.286742624197D-09  1.887781978658D+04  4.488955237646D+11  1.143732452259D+33
  5.469262324625D-09  1.758812270846D+04  4.492452328557D+11  1.143732454698D+33
  6.247896417560D-09  1.507743531170D+04  4.495521668465D+11  1.143732457021D+33
  1.994644974643D-08  8.341605040142D+03  4.497341898911D+11  1.143732459234D+33
  2.328833149859D-08  6.948667824670D+03  4.498123355683D+11  1.143732461393D+33
  2.379635205164D-08  6.435213401687D+03  4.498818505702D+11  1.143732463499D+33
  2.352950360501D-08  6.135446577272D+03  4.499492843809D+11  1.143732465553D+33
  2.288800532638D-08  5.930697475775D+03  4.500163446685D+11  1.143732467558D+33
  2.203087508867D-08  5.778795964051D+03  4.500839391353D+11  1.143732469513D+33
  2.103878476876D-08  5.660180255471D+03  4.501527035976D+11  1.143732471421D+33
  1.995742878858D-08  5.564507568261D+03  4.502231708199D+11  1.143732473283D+33
  1.881610740244D-08  5.485706628839D+03  4.502958468325D+11  1.143732475099D+33
  1.763611122010D-08  5.419634393642D+03  4.503712515851D+11  1.143732476870D+33
  1.643233213841D-08  5.363391141299D+03  4.504499505415D+11  1.143732478599D+33
  1.521562457862D-08  5.314999923373D+03  4.505325883834D+11  1.143732480285D+33
  1.399399683938D-08  5.273013889033D+03  4.506199278259D+11  1.143732481930D+33
  1.277369290928D-08  5.236340903753D+03  4.507128994352D+11  1.143732483536D+33
  1.155957877450D-08  5.204194115041D+03  4.508126709132D+11  1.143732485101D+33
  1.035546982093D-08  5.175964119008D+03  4.509207503295D+11  1.143732486629D+33
  9.164229795872D-09  5.151138419002D+03  4.510391482232D+11  1.143732488120D+33
  7.988613439973D-09  5.129323186916D+03  4.511706401322D+11  1.143732489574D+33
  6.830478371397D-09  5.110230880453D+03  4.513192275374D+11  1.143732490992D+33
  5.691560236531D-09  5.093630445552D+03  4.514910069408D+11  1.143732492376D+33
  4.573390414245D-09  5.079350450874D+03  4.516959706436D+11  1.143732493727D+33
  3.477367622367D-09  5.067286800151D+03  4.519523084451D+11  1.143732495044D+33
  2.404869707311D-09  5.057423427004D+03  4.522991151358D+11  1.143732496329D+33
  1.357730455491D-09  5.049916808515D+03  4.528515515413D+11  1.143732497583D+33
  3.392810685952D-10  5.045378491522D+03  4.545559319354D+11  1.143732498807D+33
