     0.00000000E+00    3.64927167E-05    6.36775601E-05    2.56710207E-05
    -1.68473217E-06    4.79826158E-05    7.83686647E-05    3.08214394E-05
    -3.60682526E-06    5.75360674E-05    9.46583545E-05    3.74812232E-05
    -5.67019567E-06    6.84847661E-05    1.12475401E-04    4.44109733E-05
    -7.91300692E-06    8.06127180E-05    1.32500939E-04    5.26943486E-05
    -1.03574652E-05    8.78549779E-05    1.54719670E-04    6.22572959E-05
    -1.27645238E-05    1.07657854E-04    1.79280890E-04    7.08071009E-05
    -1.56644083E-05    1.26449247E-04    2.06870160E-04    8.16854055E-05
    -1.89396057E-05    1.38219713E-04    2.37343979E-04    8.99523557E-05
    -2.22467550E-05    1.62085664E-04    2.70959488E-04    1.05222756E-04
    -2.60636074E-05    1.94876293E-04    3.08597559E-04    1.15670030E-04
    -3.06644132E-05    2.12313206E-04    3.49662754E-04    1.37707180E-04
    -3.53347827E-05    2.40900413E-04    3.94636784E-04    1.56145376E-04
    -4.04873049E-05    2.69610597E-04    4.44641259E-04    1.75790739E-04
    -4.60524335E-05    3.04684085E-04    4.98532295E-04    1.96895051E-04
    -5.22008052E-05    3.41657165E-04    5.58706222E-04    2.20465629E-04
    -5.89120019E-05    3.96037259E-04    6.23132708E-04    2.31055822E-04
    -6.67196505E-05    4.25221927E-04    6.94580511E-04    2.73610803E-04
    -7.45811648E-05    4.46816099E-04    7.70758019E-04    3.06429145E-04
    -8.22223279E-05    5.24775554E-04    8.56276646E-04    3.36748847E-04
    -9.15615710E-05    5.16157289E-04    9.48079219E-04    3.70401453E-04
    -9.95078435E-05    6.44031500E-04    1.04978239E-03    4.12191205E-04
    -1.10648928E-04    6.86496508E-04    1.15884976E-03    4.34964054E-04
    -1.21848606E-04    7.85920379E-04    1.27979089E-03    5.01729717E-04
    -1.34856579E-04    7.80242100E-04    1.40919719E-03    5.64489595E-04
    -1.46243857E-04    9.54002097E-04    1.55200299E-03    6.07540911E-04
    -1.61548039E-04    9.77636879E-04    1.70405612E-03    6.76608823E-04
    -1.75898646E-04    1.15387805E-03    1.87373046E-03    7.31391196E-04
    -1.93770181E-04    1.22569227E-03    2.05265171E-03    8.07919670E-04
    -2.11807429E-04    1.38425883E-03    2.25117125E-03    8.79119468E-04
    -2.32373226E-04    1.51717100E-03    2.46033087E-03    9.58331577E-04
    -2.54477930E-04    1.66302776E-03    2.69135387E-03    1.04896566E-03
    -2.78286404E-04    1.85177621E-03    2.93429056E-03    1.10103211E-03
    -3.04720850E-04    1.66559257E-03    3.19902763E-03    1.27738706E-03
    -3.23911833E-04    2.15637310E-03    3.48771719E-03    1.35290782E-03
    -3.53650767E-04    2.25174345E-03    3.79475312E-03    1.49042667E-03
    -3.83041037E-04    2.49053922E-03    4.13483732E-03    1.61140010E-03
    -4.15601167E-04    2.78296618E-03    4.49153240E-03    1.73639588E-03
    -4.52281384E-04    2.96801335E-03    4.88202444E-03    1.90653294E-03
    -4.90135800E-04    3.29228012E-03    5.29743055E-03    2.04514098E-03
    -5.32265116E-04    3.56612767E-03    5.73869882E-03    2.21295335E-03
    -5.77095657E-04    3.49338151E-03    6.22269564E-03    2.45004655E-03
    -6.16591605E-04    4.20825372E-03    6.73681215E-03    2.57064097E-03
    -6.68654467E-04    4.38523277E-03    7.29143153E-03    2.84408262E-03
    -7.20389341E-04    4.92908571E-03    7.88798183E-03    3.03233136E-03
    -7.79685550E-04    5.30946476E-03    8.51628375E-03    3.25991364E-03
    -8.42392618E-04    5.05804474E-03    9.19374652E-03    3.61318616E-03
    -8.95053701E-04    5.99054996E-03    9.92782525E-03    3.84192176E-03
    -9.62863778E-04    6.70005956E-03    1.07084427E-02    4.08674708E-03
    -1.03997517E-03    6.58736892E-03    1.15361419E-02    4.49721801E-03
    -1.10917216E-03    7.33620754E-03    1.24505014E-02    4.80955046E-03
    -1.18810233E-03    8.39229824E-03    1.34036757E-02    5.09368268E-03
    -1.28191552E-03    8.36158630E-03    1.44287039E-02    5.35437225E-03
    -1.36852829E-03    8.76615603E-03    1.55177017E-02    6.04007118E-03
    -1.45677755E-03    1.03816707E-02    1.66980741E-02    6.36506175E-03
    -1.56917352E-03    1.05624132E-02    1.79557322E-02    6.92448972E-03
    -1.67728278E-03    1.05835188E-02    1.92777626E-02    7.49472464E-03
    -1.77853098E-03    1.22604816E-02    2.07166665E-02    8.41054504E-03
    -1.90328851E-03    1.40550579E-02    2.22497384E-02    8.37610263E-03
    -2.05182085E-03    1.31862019E-02    2.38542833E-02    9.69075119E-03
    -2.17545760E-03    1.62813156E-02    2.55964476E-02    9.64075825E-03
    -2.34496352E-03    1.58247939E-02    2.74454425E-02    1.05227604E-02
    -2.49589522E-03    1.75172535E-02    2.93723929E-02    1.11959515E-02
    -2.66609822E-03    1.94656337E-02    3.14568507E-02    1.18949444E-02
    -2.85843226E-03    1.83741957E-02    3.36270627E-02    1.29698054E-02
    -3.02087114E-03    2.29796605E-02    3.59736929E-02    1.34536257E-02
    -3.24891270E-03    2.10642038E-02    3.84617099E-02    1.59710979E-02
    -3.43221298E-03    2.62803757E-02    4.10436008E-02    1.52888326E-02
    -3.68811019E-03    2.81134246E-02    4.38468029E-02    1.63036014E-02
    -3.95792184E-03    2.67487208E-02    4.66960525E-02    1.78152236E-02
    -4.19061843E-03    3.17642865E-02    4.98139772E-02    1.85074587E-02
    -4.48742294E-03    3.01060792E-02    5.30358930E-02    2.01392318E-02
    -4.74186160E-03    3.59661750E-02    5.64450255E-02    2.09237788E-02
    -5.07040284E-03    3.54935629E-02    6.00462612E-02    2.27679120E-02
    -5.37339369E-03    4.11343407E-02    6.37966994E-02    2.35623500E-02
    -5.74277968E-03    3.81342024E-02    6.77436151E-02    2.57594563E-02
    -6.04794153E-03    4.38347058E-02    7.19087615E-02    2.79122121E-02
    -6.41859894E-03    3.32849387E-02    7.63437152E-02    2.61433293E-02
    -6.61857977E-03    5.36531199E-02    8.09943350E-02    3.73931590E-02
    -7.09445577E-03    5.05406380E-02    8.58054904E-02    3.27791089E-02
    -7.50140397E-03    5.94517494E-02    9.09649009E-02    3.30634153E-02
    -8.00919338E-03    5.90781850E-02    9.61457990E-02    3.55395051E-02
    -8.48519070E-03    6.45213456E-02    1.01676128E-01    3.73760318E-02
    -9.00936550E-03    6.67035967E-02    1.07438446E-01    4.19827736E-02
    -9.53528319E-03    7.05291543E-02    1.13497807E-01    4.17098566E-02
    -1.00842497E-02    7.21647802E-02    1.19689753E-01    4.41174116E-02
    -1.06263532E-02    7.21507132E-02    1.26103204E-01    4.69898055E-02
    -1.11408147E-02    8.36542590E-02    1.32873281E-01    4.85794377E-02
    -1.17746120E-02    9.21019533E-02    1.39913926E-01    5.02845046E-02
    -1.24821660E-02    8.77574303E-02    1.47178940E-01    6.04484706E-02
    -1.31013519E-02    8.86276301E-02    1.54674529E-01    5.71659514E-02
    -1.37008706E-02    1.02605689E-01    1.62298514E-01    5.88114238E-02
    -1.44391634E-02    1.07398261E-01    1.70407543E-01    6.21316482E-02
    -1.51988208E-02    1.16768894E-01    1.78775833E-01    6.37034012E-02
    -1.60320583E-02    1.11747107E-01    1.87182279E-01    7.06998236E-02
    -1.67679832E-02    1.17424250E-01    1.95836039E-01    7.43835982E-02
    -1.75343319E-02    1.35922055E-01    2.04971326E-01    7.24130282E-02
    -1.84737578E-02    1.28788554E-01    2.14315146E-01    7.76979058E-02
    -1.92906971E-02    1.37868632E-01    2.23474378E-01    8.18315665E-02
    -2.01703174E-02    1.37054209E-01    2.33295629E-01    9.22809995E-02
    -2.10014046E-02    1.58155470E-01    2.43443677E-01    8.60734143E-02
    -2.20216472E-02    1.53142322E-01    2.53417178E-01    9.50572489E-02
    -2.29436409E-02    1.71411462E-01    2.63749483E-01    9.31171226E-02
    -2.40161013E-02    1.84963624E-01    2.74366299E-01    9.55948261E-02
    -2.51817647E-02    1.74899335E-01    2.84874969E-01    1.02495460E-01
    -2.61945389E-02    1.91777981E-01    2.95732811E-01    1.04168089E-01
    -2.73337774E-02    2.04300265E-01    3.06693464E-01    1.06669895E-01
    -2.85490227E-02    2.05775872E-01    3.17712237E-01    1.13707683E-01
    -2.97276293E-02    2.02007775E-01    3.28497924E-01    1.19450818E-01
    -3.08205231E-02    2.15515766E-01    3.39735693E-01    1.20322263E-01
    -3.19972492E-02    2.08844057E-01    3.50928211E-01    1.30885668E-01
    -3.30626355E-02    2.19760318E-01    3.61727729E-01    1.33138826E-01
    -3.41863511E-02    2.27171502E-01    3.73074437E-01    1.32492415E-01
    -3.53326833E-02    2.22256622E-01    3.84305387E-01    1.36961575E-01
    -3.63882212E-02    2.54115815E-01    3.95245095E-01    1.49488819E-01
    -3.76871481E-02    2.67057120E-01    4.06459527E-01    1.40141610E-01
    -3.90490282E-02    2.52946968E-01    4.17443918E-01    1.58166215E-01
    -4.02340097E-02    2.68095996E-01    4.28251482E-01    1.49090268E-01
    -4.15029660E-02    2.60159649E-01    4.38893382E-01    1.59513614E-01
    -4.26551957E-02    2.67975554E-01    4.49330641E-01    1.57471838E-01
    -4.38283639E-02    2.67555940E-01    4.59497759E-01    1.64154299E-01
    -4.49529066E-02    2.83819035E-01    4.69487544E-01    1.66878194E-01
    -4.61670683E-02    2.83609485E-01    4.79265888E-01    1.82902390E-01
    -4.73335576E-02    2.96865734E-01    4.88782898E-01    1.69311172E-01
    -4.85611450E-02    3.18644926E-01    4.97959197E-01    1.79136973E-01
    -4.99128831E-02    3.34442941E-01    5.06699217E-01    1.73297142E-01
    -5.13360342E-02    3.18315031E-01    5.14783132E-01    1.90710093E-01
    -5.25840779E-02    2.97334750E-01    5.22176477E-01    2.06540031E-01
    -5.36290705E-02    3.29081779E-01    5.28945937E-01    1.83055733E-01
    -5.48699254E-02    3.43005215E-01    5.36129077E-01    1.90726009E-01
    -5.61668239E-02    3.31620767E-01    5.41703038E-01    1.92814788E-01
    -5.73352986E-02    3.49342327E-01    5.45989364E-01    1.92737010E-01
    -5.85867438E-02    3.63129875E-01    5.50153809E-01    1.90811453E-01
    -5.98891166E-02    3.77323864E-01    5.53372919E-01    1.82480836E-01
    -6.12422804E-02    3.49786525E-01    5.55534722E-01    2.03912605E-01
    -6.23619814E-02    3.46894761E-01    5.56561500E-01    1.98347634E-01
    -6.34231176E-02    3.61535285E-01    5.57118889E-01    2.02362668E-01
    -6.45427711E-02    3.54314916E-01    5.56038330E-01    2.03083564E-01
    -6.55769927E-02    3.43881005E-01    5.53724596E-01    1.98986575E-01
    -6.65095024E-02    3.47746130E-01    5.50074134E-01    1.95136251E-01
    -6.74342954E-02    3.49263332E-01    5.45048781E-01    1.91109624E-01
    -6.83370106E-02    3.35330083E-01    5.39555929E-01    1.86569324E-01
    -6.91250887E-02    3.03384413E-01    5.31814285E-01    1.99714758E-01
    -6.96967656E-02    2.85165395E-01    5.22644801E-01    2.01628086E-01
    -7.01428289E-02    3.27968985E-01    5.12481508E-01    1.79852655E-01
    -7.08214527E-02    3.39307845E-01    5.00464276E-01    1.67193502E-01
    -7.15425488E-02    2.97403021E-01    4.86846405E-01    1.83370170E-01
    -7.20059586E-02    3.03196677E-01    4.71401252E-01    1.60856078E-01
    -7.24866737E-02    2.90803500E-01    4.54090649E-01    1.56716072E-01
    -7.28850483E-02    2.44855709E-01    4.35328573E-01    1.63167540E-01
    -7.30252437E-02    2.37726086E-01    4.14339781E-01    1.53311099E-01
    -7.31235541E-02    2.33005741E-01    3.91415015E-01    1.44635694E-01
    -7.31943719E-02    2.33984098E-01    3.66755074E-01    1.26754299E-01
    -7.32680735E-02    2.13038794E-01    3.39876430E-01    1.17079019E-01
    -7.32339892E-02    2.08476984E-01    3.10980326E-01    1.11499917E-01
    -7.31782423E-02    1.79597072E-01    2.79628094E-01    1.01468190E-01
    -7.29826902E-02    1.58587720E-01    2.45883496E-01    8.21342831E-02
    -7.26913035E-02    1.29235464E-01    2.09641364E-01    7.55680976E-02
    -7.22684204E-02    1.08348505E-01    1.70993976E-01    6.11640615E-02
    -7.17593419E-02    7.45246193E-02    1.29868693E-01    4.75888534E-02
    -7.11078436E-02    5.57726322E-02    8.61355532E-02    3.07802075E-02
    -7.03886033E-02    2.74268968E-02    3.97249574E-02    1.33134646E-02
    -6.95611158E-02   -5.72992080E-03   -9.45120100E-03   -3.41522432E-03
    -6.86083933E-02   -3.92088469E-02   -6.14263777E-02   -2.18721563E-02
    -6.75341568E-02   -7.65084270E-02   -1.16274661E-01   -4.08157272E-02
    -6.63267963E-02   -1.08790420E-01   -1.74084005E-01   -6.14382860E-02
    -6.50129251E-02   -1.42360429E-01   -2.34796780E-01   -8.36274965E-02
    -6.35911778E-02   -1.95046151E-01   -2.98916400E-01   -1.04642712E-01
    -6.19862584E-02   -2.20460168E-01   -3.65578076E-01   -1.29567349E-01
    -6.03172963E-02   -2.92209832E-01   -4.36177876E-01   -1.50045262E-01
    -5.83988998E-02   -3.16178545E-01   -5.09675841E-01   -1.78737420E-01
    -5.64314582E-02   -3.51146577E-01   -5.86041698E-01   -2.06674302E-01
    -5.43731902E-02   -4.09540623E-01   -6.66565834E-01   -2.43171093E-01
    -5.21360531E-02   -4.64786148E-01   -7.50043807E-01   -2.61059200E-01
    -4.97389104E-02   -5.31654284E-01   -8.38378596E-01   -2.89487697E-01
    -4.71431678E-02   -5.59217431E-01   -9.28593121E-01   -3.22771582E-01
    -4.45035665E-02   -6.79309139E-01   -1.02257209E+00   -3.46148374E-01
    -4.14771099E-02   -6.73640727E-01   -1.12136835E+00   -4.10692729E-01
    -3.85402462E-02   -8.17593108E-01   -1.22283199E+00   -4.11315070E-01
    -3.51461184E-02   -8.94218990E-01   -1.32859964E+00   -4.44037726E-01
    -3.15522345E-02   -8.54765492E-01   -1.43727705E+00   -5.01802862E-01
    -2.81774831E-02   -9.87755157E-01   -1.55084257E+00   -5.52358412E-01
    -2.44086758E-02   -1.01147859E+00   -1.66779855E+00   -5.69027886E-01
    -2.06390296E-02   -1.20156855E+00   -1.78734473E+00   -5.96146235E-01
    -1.62973184E-02   -1.03814929E+00   -1.91323845E+00   -7.47928584E-01
    -1.26032879E-02   -1.38254158E+00   -2.04225235E+00   -6.73460314E-01
    -7.82919594E-03   -1.33147866E+00   -2.17649124E+00   -7.63943545E-01
    -3.32441482E-03   -1.45665983E+00   -2.31210797E+00   -8.11483803E-01
     1.49826276E-03   -1.55599853E+00   -2.45460151E+00   -8.19507027E-01
     6.54418795E-03   -1.60108820E+00   -2.59631645E+00   -9.52058799E-01
     1.16319178E-02   -1.61408750E+00   -2.74792020E+00   -9.81003194E-01
     1.66581139E-02   -1.91668134E+00   -2.90136296E+00   -9.63851757E-01
     2.25358403E-02   -2.02232871E+00   -3.05618587E+00   -1.01719296E+00
     2.86242632E-02   -2.00390806E+00   -3.21864502E+00   -1.06006595E+00
     3.45339710E-02   -2.01573095E+00   -3.38647223E+00   -1.27376686E+00
     4.03628045E-02   -2.33312532E+00   -3.55188814E+00   -1.15031491E+00
     4.70347672E-02   -2.20306825E+00   -3.72793919E+00   -1.32630363E+00
     5.31881602E-02   -2.55440737E+00   -3.90652770E+00   -1.28979226E+00
     6.02584316E-02   -2.60937360E+00   -4.08239995E+00   -1.44642679E+00
     6.73515889E-02   -2.72174359E+00   -4.26949557E+00   -1.38295015E+00
     7.46330818E-02   -2.61197305E+00   -4.46010011E+00   -1.64287107E+00
     8.14618555E-02   -2.95402207E+00   -4.65019632E+00   -1.58504304E+00
     8.91280747E-02   -3.02525496E+00   -4.84950098E+00   -1.61080331E+00
     9.68466129E-02   -3.25958278E+00   -5.05243857E+00   -1.61542387E+00
     1.05065503E-01   -3.48265191E+00   -5.24928487E+00   -1.84056243E+00
     1.13737875E-01   -3.52486890E+00   -5.45637765E+00   -1.73783966E+00
     1.22358364E-01   -3.43946428E+00   -5.66812213E+00   -1.97907149E+00
     1.30583298E-01   -3.64985509E+00   -5.87988793E+00   -2.04152339E+00
     1.39203667E-01   -3.97243228E+00   -6.09965752E+00   -1.92056681E+00
     1.48497294E-01   -4.06533369E+00   -6.32203618E+00   -2.02353844E+00
     1.57847527E-01   -4.41680876E+00   -6.53330821E+00   -2.13644376E+00
     1.67909246E-01   -4.43780176E+00   -6.75992712E+00   -2.10686780E+00
     1.77821778E-01   -4.60427114E+00   -6.98796967E+00   -2.17239153E+00
     1.87946145E-01   -4.76063646E+00   -7.21748014E+00   -2.23207059E+00
     1.98245209E-01   -4.91493926E+00   -7.44983335E+00   -2.28932536E+00
     2.08704029E-01   -5.08769732E+00   -7.68559709E+00   -2.35345605E+00
     2.19356999E-01   -5.26450324E+00   -7.92184618E+00   -2.41819177E+00
     2.30200592E-01   -5.44293474E+00   -8.15840282E+00   -2.48236201E+00
     2.41224094E-01   -5.87619819E+00   -8.39483441E+00   -2.35782281E+00
     2.52995085E-01   -5.87976361E+00   -8.63047013E+00   -2.55181870E+00
     2.64511991E-01   -6.11943209E+00   -8.86881516E+00   -2.52196322E+00
     2.76301161E-01   -6.62133106E+00   -9.10632801E+00   -2.35879210E+00
     2.88915960E-01   -6.24515103E+00   -9.34735409E+00   -2.58570221E+00
     3.00434074E-01   -7.01154993E+00   -9.59660135E+00   -2.39157225E+00
     3.13294876E-01   -7.34875301E+00   -9.82714232E+00   -2.41199027E+00
     3.26545920E-01   -7.26880647E+00   -1.00691997E+01   -2.29420161E+00
     3.39314662E-01   -7.66608592E+00   -1.03029309E+01   -2.48046063E+00
     3.52565100E-01   -7.63147162E+00   -1.05331028E+01   -2.49183944E+00
     3.65423697E-01   -8.19488499E+00   -1.07751274E+01   -2.42229229E+00
     3.79045725E-01   -8.17913174E+00   -1.09930036E+01   -2.60511637E+00
     3.92298664E-01   -8.47977981E+00   -1.12269260E+01   -2.60722144E+00
     4.05774367E-01   -8.30767233E+00   -1.14597100E+01   -2.55799825E+00
     4.18600654E-01   -8.76824597E+00   -1.16851309E+01   -2.79697497E+00
     4.31923966E-01   -8.95786471E+00   -1.19004262E+01   -2.80956137E+00
     4.45249260E-01   -8.68372483E+00   -1.21228869E+01   -3.10065355E+00
     4.57783899E-01   -8.63675011E+00   -1.23395933E+01   -3.37527667E+00
     4.69940869E-01   -9.12237775E+00   -1.25452480E+01   -3.25263979E+00
     4.82610671E-01   -9.00219807E+00   -1.27638714E+01   -3.58589611E+00
     4.94795088E-01   -7.96091940E+00   -1.29524391E+01   -4.39830034E+00
     5.05055285E-01   -7.97778303E+00   -1.31694717E+01   -4.49887557E+00
     5.15116066E-01   -8.72450212E+00   -1.33644628E+01   -4.22228673E+00
     5.26103227E-01   -9.54123879E+00   -1.35719929E+01   -4.07873836E+00
     5.38086915E-01   -8.17839255E+00   -1.37718269E+01   -4.80657832E+00
     5.47802939E-01   -9.84417438E+00   -1.39718408E+01   -4.61133399E+00
     5.59743890E-01   -8.62066064E+00   -1.41690159E+01   -4.87998055E+00
     5.69688619E-01   -9.43965716E+00   -1.43509229E+01   -4.78226598E+00
     5.80588931E-01   -1.00660525E+01   -1.45415880E+01   -4.75491912E+00
     5.92144187E-01   -8.93254738E+00   -1.47406255E+01   -4.99499950E+00
     6.01924900E-01   -9.12482901E+00   -1.49136932E+01   -5.46752768E+00
     6.11774373E-01   -9.42433324E+00   -1.51105221E+01   -5.32666161E+00
     6.21829837E-01   -9.64450174E+00   -1.52831273E+01   -5.05633876E+00
     6.31978057E-01   -8.53402150E+00   -1.54490918E+01   -6.29148422E+00
     6.40504678E-01   -1.05869118E+01   -1.56262668E+01   -4.96323299E+00
     6.51465169E-01   -9.79376291E+00   -1.58132707E+01   -5.26086796E+00
     6.61228910E-01   -9.87857331E+00   -1.59710213E+01   -5.50100011E+00
     6.70909750E-01   -9.77596083E+00   -1.61488807E+01   -6.05170320E+00
     6.80280563E-01   -1.08160785E+01   -1.63072715E+01   -5.18917253E+00
     6.90705993E-01   -7.64338271E+00   -1.64568476E+01   -7.35934435E+00
     6.97219948E-01   -9.21415116E+00   -1.66105761E+01   -6.59993405E+00
     7.05415055E-01   -1.08707110E+01   -1.67652131E+01   -5.36426439E+00
     7.15325810E-01   -1.05718161E+01   -1.69163199E+01   -6.10609169E+00
     7.24707842E-01   -1.11057265E+01   -1.70658546E+01   -5.96278875E+00
     7.34485386E-01   -1.16593395E+01   -1.72091543E+01   -5.70301576E+00
     7.44656783E-01   -1.20563693E+01   -1.73453450E+01   -5.49443282E+00
     7.55031734E-01   -1.19959626E+01   -1.74751683E+01   -5.57041842E+00
     7.65116699E-01   -1.13642445E+01   -1.75996000E+01   -6.01168500E+00
     7.74329765E-01   -1.00031352E+01   -1.77258705E+01   -6.83286438E+00
     7.81967382E-01   -1.04791609E+01   -1.78581801E+01   -6.85127773E+00
     7.89870729E-01   -1.25517755E+01   -1.79724993E+01   -5.17455251E+00
     7.99516073E-01   -1.06708909E+01   -1.80802627E+01   -7.10155331E+00
     8.07130184E-01   -1.05944533E+01   -1.81815104E+01   -6.60807444E+00
     8.14404092E-01   -1.34966906E+01   -1.82811553E+01   -4.79585310E+00
     8.23838813E-01   -1.26196943E+01   -1.83854839E+01   -4.94257293E+00
     8.32014632E-01   -1.43061582E+01   -1.84808065E+01   -3.68306639E+00
     8.40637056E-01   -1.33230752E+01   -1.86418665E+01   -4.52785713E+00
     8.46507643E-01   -1.58543293E+01   -1.85234773E+01   -2.38886720E+00
     8.50357994E-01   -1.31053629E+01   -1.83185287E+01   -5.21316586E+00
     8.52089934E-01   -1.19636726E+01   -1.83519463E+01   -6.38827367E+00
     8.53521470E-01   -9.76260481E+00   -1.83974562E+01   -7.89682344E+00
     8.54597609E-01   -1.07596136E+01   -1.84986401E+01   -7.73902650E+00
     8.55823517E-01   -1.27444459E+01   -1.85673854E+01   -5.82293949E+00
     8.57364788E-01   -1.09916468E+01   -1.86431329E+01   -7.65148609E+00
     8.58666560E-01   -1.10988353E+01   -1.87267846E+01   -7.62794924E+00
     8.60021100E-01   -1.12020896E+01   -1.88190870E+01   -7.61699743E+00
     8.61438428E-01   -1.13040461E+01   -1.89208319E+01   -7.61678588E+00
     8.62929853E-01   -1.14073553E+01   -1.90338488E+01   -7.62649356E+00
     8.64508681E-01   -1.15143558E+01   -1.91602350E+01   -7.64587918E+00
     8.66191018E-01   -1.16276627E+01   -1.93029908E+01   -7.67532813E+00
     8.67996905E-01   -1.17502149E+01   -1.94659461E+01   -7.71573115E+00
     8.69951900E-01   -1.18854859E+01   -1.96540794E+01   -7.76859354E+00
     8.72089428E-01   -1.20380985E+01   -1.98744098E+01   -7.83631131E+00
     8.74454571E-01   -1.22148298E+01   -2.01375657E+01   -7.92273595E+00
     8.77110385E-01   -1.24247407E+01   -2.04580175E+01   -8.03327681E+00
     8.80148662E-01   -1.26942723E+01   -2.08591547E+01   -8.18462063E+00
     8.83714932E-01   -1.30669177E+01   -2.13561013E+01   -8.41301710E+00
     8.88057613E-01   -1.33366584E+01   -2.20269026E+01   -8.64149085E+00
     8.93502620E-01   -1.40145837E+01   -2.30141625E+01   -8.99957876E+00
     9.01056582E-01   -1.48839036E+01   -2.44277668E+01   -9.54386322E+00
     9.13142440E-01   -1.41742131E+01   -2.36200234E+01   -9.31778515E+00
     9.41466567E-01   -1.85231547E+01   -2.88383387E+01   -1.04965081E+01
     1.00000000E+00
