     0.00000000E+00   -2.92354260E-05   -5.10140314E-05   -2.05658360E-05
     1.34969022E-06   -3.84405008E-05   -6.27837951E-05   -2.46921004E-05
     2.88954496E-06   -4.60944985E-05   -7.58346822E-05   -3.00277420E-05
     4.54259948E-06   -5.48666802E-05   -9.01098482E-05   -3.55799225E-05
     6.33944268E-06   -6.45841837E-05   -1.06155272E-04   -4.22169302E-05
     8.29788468E-06   -7.03880907E-05   -1.23959079E-04   -4.98796118E-05
     1.02264298E-05   -8.62563306E-05   -1.43641279E-04   -5.67312138E-05
     1.25499169E-05   -1.01315674E-04   -1.65751796E-04   -6.54492780E-05
     1.51742425E-05   -1.10751221E-04   -1.90176459E-04   -7.20760669E-05
     1.78243410E-05   -1.29880616E-04   -2.17122134E-04   -8.43158860E-05
     2.08830784E-05   -1.56164892E-04   -2.47295882E-04   -9.26926386E-05
     2.45703192E-05   -1.70149313E-04   -2.80222218E-04   -1.10359514E-04
     2.83136948E-05   -1.93073986E-04   -3.16288777E-04   -1.25145531E-04
     3.24439655E-05   -2.16103010E-04   -3.56396653E-04   -1.40902873E-04
     3.69055419E-05   -2.44239670E-04   -3.99631518E-04   -1.57834244E-04
     4.18353765E-05   -2.73908130E-04   -4.47917363E-04   -1.76748314E-04
     4.72173258E-05   -3.17544201E-04   -4.99630208E-04   -1.85261449E-04
     5.34795108E-05   -3.40991994E-04   -5.56994779E-04   -2.19412705E-04
     5.97862970E-05   -3.58364049E-04   -6.18178184E-04   -2.45768202E-04
     6.59179695E-05   -4.20961857E-04   -6.86883763E-04   -2.70131524E-04
     7.34135818E-05   -4.14125792E-04   -7.60667467E-04   -2.97182271E-04
     7.97938683E-05   -5.16826478E-04   -8.42436023E-04   -3.30777809E-04
     8.87402262E-05   -5.51025618E-04   -9.30166281E-04   -3.49129724E-04
     9.77367783E-05   -6.30980822E-04   -1.02748768E-03   -4.02816669E-04
     1.08188673E-04   -6.26585863E-04   -1.13167828E-03   -4.53322373E-04
     1.17343422E-04   -7.66341426E-04   -1.24671024E-03   -4.88032226E-04
     1.29648989E-04   -7.85566184E-04   -1.36927002E-03   -5.43679379E-04
     1.41194248E-04   -9.27485248E-04   -1.50610142E-03   -5.87891022E-04
     1.55575873E-04   -9.85557817E-04   -1.65050150E-03   -6.49634140E-04
     1.70098745E-04   -1.11348179E-03   -1.81081612E-03   -7.07153532E-04
     1.86664440E-04   -1.22089536E-03   -1.97987343E-03   -7.71187016E-04
     2.04479242E-04   -1.33886007E-03   -2.16673847E-03   -8.44494761E-04
     2.23678135E-04   -1.49152474E-03   -2.36344269E-03   -8.86833205E-04
     2.45006542E-04   -1.34224822E-03   -2.57799489E-03   -1.02940571E-03
     2.60514740E-04   -1.73868630E-03   -2.81215069E-03   -1.09085125E-03
     2.84542682E-04   -1.81662750E-03   -3.06147349E-03   -1.20242387E-03
     3.08310774E-04   -2.01050824E-03   -3.33788138E-03   -1.30081596E-03
     3.34660926E-04   -2.24803454E-03   -3.62818636E-03   -1.40263217E-03
     3.64366191E-04   -2.39917730E-03   -3.94635765E-03   -1.54113544E-03
     3.95052530E-04   -2.66326134E-03   -4.28531032E-03   -1.65439899E-03
     4.29232495E-04   -2.88705594E-03   -4.64592019E-03   -1.79155676E-03
     4.65640855E-04   -2.83052729E-03   -5.04196572E-03   -1.98516068E-03
     4.97773999E-04   -3.41275144E-03   -5.46332681E-03   -2.08470288E-03
     5.40144981E-04   -3.55959357E-03   -5.91862147E-03   -2.30860681E-03
     5.82310117E-04   -4.00499556E-03   -6.40916675E-03   -2.46383900E-03
     6.30683961E-04   -4.31857068E-03   -6.92690788E-03   -2.65152291E-03
     6.81909250E-04   -4.11862508E-03   -7.48621196E-03   -2.94211694E-03
     7.25041174E-04   -4.88357530E-03   -8.09329402E-03   -3.13198526E-03
     7.80605138E-04   -5.46862433E-03   -8.74028801E-03   -3.33562475E-03
     8.43864962E-04   -5.38355877E-03   -9.42796715E-03   -3.67537294E-03
     9.00779393E-04   -6.00361326E-03   -1.01889150E-02   -3.93591386E-03
     9.65780790E-04   -6.87755250E-03   -1.09844146E-02   -4.17431186E-03
     1.04312073E-03   -6.86257005E-03   -1.18420103E-02   -4.39447173E-03
     1.11472289E-03   -7.20579356E-03   -1.27555744E-02   -4.96494768E-03
     1.18784398E-03   -8.54757565E-03   -1.37480811E-02   -5.24056756E-03
     1.28103239E-03   -8.71120328E-03   -1.48087402E-02   -5.71087653E-03
     1.37092098E-03   -8.74415750E-03   -1.59273863E-02   -6.19217994E-03
     1.45538585E-03   -1.01484066E-02   -1.71478709E-02   -6.96168663E-03
     1.55955793E-03   -1.16563178E-02   -1.84524335E-02   -6.94657501E-03
     1.68375002E-03   -1.09579611E-02   -1.98233207E-02   -8.05318130E-03
     1.78762071E-03   -1.35585767E-02   -2.13159308E-02   -8.02852565E-03
     1.93003299E-03   -1.32075960E-02   -2.29063532E-02   -8.78244413E-03
     2.05739925E-03   -1.46538672E-02   -2.45711546E-02   -9.36585099E-03
     2.20133442E-03   -1.63229592E-02   -2.63782264E-02   -9.97453747E-03
     2.36434419E-03   -1.54465560E-02   -2.82691181E-02   -1.09032705E-02
     2.50282296E-03   -1.93685985E-02   -3.03207271E-02   -1.13395006E-02
     2.69716056E-03   -1.78027113E-02   -3.25064609E-02   -1.34982005E-02
     2.85444615E-03   -2.22741072E-02   -3.47867769E-02   -1.29581518E-02
     3.07395374E-03   -2.38984171E-02   -3.72729114E-02   -1.38592246E-02
     3.30621889E-03   -2.28090317E-02   -3.98184178E-02   -1.51913058E-02
     3.50786999E-03   -2.71732673E-02   -4.26141640E-02   -1.58325017E-02
     3.76535167E-03   -2.58416839E-02   -4.55235892E-02   -1.72865971E-02
     3.98771519E-03   -3.09797174E-02   -4.86193191E-02   -1.80228439E-02
     4.27509174E-03   -3.06844350E-02   -5.19104155E-02   -1.96830202E-02
     4.54188374E-03   -3.56959940E-02   -5.53621758E-02   -2.04471858E-02
     4.86779855E-03   -3.32239230E-02   -5.90207348E-02   -2.24425879E-02
     5.13960192E-03   -3.83472284E-02   -6.29068144E-02   -2.44180028E-02
     5.47040414E-03   -2.92424488E-02   -6.70716928E-02   -2.29681952E-02
     5.65330977E-03   -4.73414193E-02   -7.14662407E-02   -3.29942643E-02
     6.08108950E-03   -4.47974187E-02   -7.60549259E-02   -2.90542328E-02
     6.45043964E-03   -5.29435186E-02   -8.10069001E-02   -2.94439366E-02
     6.91211532E-03   -5.28688940E-02   -8.60405928E-02   -3.18041986E-02
     7.34848507E-03   -5.80340761E-02   -9.14531474E-02   -3.36180756E-02
     7.83137187E-03   -6.03149995E-02   -9.71484316E-02   -3.79618356E-02
     8.31945074E-03   -6.41254064E-02   -1.03192688E-01   -3.79227786E-02
     8.83232585E-03   -6.59878369E-02   -1.09444910E-01   -4.03411824E-02
     9.34311362E-03   -6.63659809E-02   -1.15992794E-01   -4.32223660E-02
     9.83285627E-03   -7.74178675E-02   -1.22967632E-01   -4.49578601E-02
     1.04374760E-02   -8.57770577E-02   -1.30305650E-01   -4.68313287E-02
     1.11162003E-02   -8.22713654E-02   -1.37978201E-01   -5.66695971E-02
     1.17183022E-02   -8.36554194E-02   -1.45996938E-01   -5.39588121E-02
     1.23078173E-02   -9.75323302E-02   -1.54273631E-01   -5.59034811E-02
     1.30353764E-02   -1.02834744E-01   -1.63166664E-01   -5.94915788E-02
     1.37908594E-02   -1.12655283E-01   -1.72477801E-01   -6.14592162E-02
     1.46253883E-02   -1.08660130E-01   -1.82011431E-01   -6.87467645E-02
     1.53744135E-02   -1.15110191E-01   -1.91976732E-01   -7.29177336E-02
     1.61620750E-02   -1.34364337E-01   -2.02622279E-01   -7.15831479E-02
     1.71303546E-02   -1.28425470E-01   -2.13710943E-01   -7.74788577E-02
     1.79881273E-02   -1.38721344E-01   -2.24856557E-01   -8.23376912E-02
     1.89200919E-02   -1.39189759E-01   -2.36930792E-01   -9.37189026E-02
     1.98150903E-02   -1.62166751E-01   -2.49618113E-01   -8.82564853E-02
     2.09165033E-02   -1.58594323E-01   -2.62439052E-01   -9.84413703E-02
     2.19313283E-02   -1.79344135E-01   -2.75955426E-01   -9.74264477E-02
     2.31184736E-02   -1.95591661E-01   -2.90131426E-01   -1.01087719E-01
     2.44216531E-02   -1.87001932E-01   -3.04587603E-01   -1.09587890E-01
     2.55810405E-02   -2.07400849E-01   -3.19824182E-01   -1.12653966E-01
     2.68960372E-02   -2.23570134E-01   -3.35621193E-01   -1.16731139E-01
     2.83158091E-02   -2.27963495E-01   -3.51969311E-01   -1.25968125E-01
     2.97189660E-02   -2.26650991E-01   -3.68571852E-01   -1.34022793E-01
     3.10508200E-02   -2.45004134E-01   -3.86220696E-01   -1.36785593E-01
     3.25029251E-02   -2.40669819E-01   -4.04406188E-01   -1.50831345E-01
     3.38544400E-02   -2.56828823E-01   -4.22742867E-01   -1.55596281E-01
     3.53014873E-02   -2.69366510E-01   -4.42369568E-01   -1.57101658E-01
     3.68052008E-02   -2.67514695E-01   -4.62561419E-01   -1.64851034E-01
     3.82315356E-02   -3.10619156E-01   -4.83128915E-01   -1.82728064E-01
     3.99872385E-02   -3.31694880E-01   -5.04837858E-01   -1.74061094E-01
     4.18597230E-02   -3.19413831E-01   -5.27135638E-01   -1.99727545E-01
     4.35511071E-02   -3.44384481E-01   -5.50113268E-01   -1.91514888E-01
     4.53911734E-02   -3.40156720E-01   -5.73849688E-01   -2.08562811E-01
     4.71238183E-02   -3.56838401E-01   -5.98332293E-01   -2.09690765E-01
     4.89292458E-02   -3.63070437E-01   -6.23533351E-01   -2.22755559E-01
     5.07166814E-02   -3.92720182E-01   -6.49629555E-01   -2.30909229E-01
     5.26775367E-02   -4.00417324E-01   -6.76657075E-01   -2.58232850E-01
     5.46259960E-02   -4.27950172E-01   -7.04610540E-01   -2.44072444E-01
     5.67192363E-02   -4.69344580E-01   -7.33463587E-01   -2.63857858E-01
     5.90574448E-02   -5.03731549E-01   -7.63180651E-01   -2.61016834E-01
     6.15735776E-02   -4.90675804E-01   -7.93527175E-01   -2.93975525E-01
     6.38975367E-02   -4.69474711E-01   -8.24487050E-01   -3.26114998E-01
     6.59771480E-02   -5.32676164E-01   -8.56191105E-01   -2.96307579E-01
     6.84467053E-02   -5.69717292E-01   -8.90487936E-01   -3.16787910E-01
     7.10956310E-02   -5.65766756E-01   -9.24180874E-01   -3.28954662E-01
     7.36205140E-02   -6.12822316E-01   -9.57783928E-01   -3.38102577E-01
     7.63865136E-02   -6.55729352E-01   -9.93451725E-01   -3.44561765E-01
     7.93514939E-02   -7.02248281E-01   -1.02989823E+00   -3.39620326E-01
     8.25293503E-02   -6.71855946E-01   -1.06704884E+00   -3.91667163E-01
     8.53900499E-02   -6.88601288E-01   -1.10479895E+00   -3.93728738E-01
     8.82613645E-02   -7.42777651E-01   -1.14460601E+00   -4.15756008E-01
     9.13862076E-02   -7.54638629E-01   -1.18427982E+00   -4.32538106E-01
     9.44786527E-02   -7.60594037E-01   -1.22472489E+00   -4.40117367E-01
     9.75024095E-02   -8.00219602E-01   -1.26580878E+00   -4.49039802E-01
     1.00670179E-01   -8.37886185E-01   -1.30757741E+00   -4.58473876E-01
     1.03961763E-01   -8.40540597E-01   -1.35245445E+00   -4.67655896E-01
     1.07158616E-01   -7.96500951E-01   -1.39621736E+00   -5.24328172E-01
     1.09986998E-01   -7.86187474E-01   -1.44090693E+00   -5.55879072E-01
     1.12661926E-01   -9.52199646E-01   -1.48789896E+00   -5.22170211E-01
     1.16207996E-01   -1.04079479E+00   -1.53512693E+00   -5.12850285E-01
     1.20142820E-01   -9.67376204E-01   -1.58358723E+00   -5.96456412E-01
     1.23540588E-01   -1.05009932E+00   -1.63266345E+00   -5.57113158E-01
     1.27287140E-01   -1.07745030E+00   -1.68244229E+00   -5.80645623E-01
     1.31065100E-01   -9.75753447E-01   -1.73479049E+00   -6.50224944E-01
     1.34181705E-01   -1.02521562E+00   -1.78687844E+00   -6.61168224E-01
     1.37463084E-01   -1.09535074E+00   -1.84002645E+00   -6.79926658E-01
     1.41008986E-01   -1.20938265E+00   -1.89562977E+00   -6.55149011E-01
     1.45032076E-01   -1.22344901E+00   -1.95185804E+00   -6.72366791E-01
     1.49006749E-01   -1.34766552E+00   -2.01028168E+00   -7.20773059E-01
     1.53481644E-01   -1.32873564E+00   -2.06880775E+00   -7.50704892E-01
     1.57733724E-01   -1.37253494E+00   -2.12805689E+00   -7.10850584E-01
     1.62075588E-01   -1.34847223E+00   -2.18744567E+00   -7.88494717E-01
     1.66180248E-01   -1.42461538E+00   -2.24830651E+00   -8.04212877E-01
     1.70527317E-01   -1.32618323E+00   -2.31104412E+00   -8.46854904E-01
     1.74297985E-01   -1.53777026E+00   -2.37494066E+00   -8.48675877E-01
     1.78931195E-01   -1.68476534E+00   -2.44020429E+00   -8.17812672E-01
     1.84101363E-01   -1.51940786E+00   -2.50618282E+00   -9.05617870E-01
     1.88398709E-01   -1.64188040E+00   -2.57224514E+00   -9.15902090E-01
     1.93119044E-01   -1.73711409E+00   -2.64000136E+00   -9.26715889E-01
     1.98127308E-01   -1.69306826E+00   -2.70921009E+00   -9.56143121E-01
     2.02817690E-01   -1.68441907E+00   -2.77813278E+00   -9.89486694E-01
     2.07351730E-01   -1.86080929E+00   -2.85176822E+00   -9.98328498E-01
     2.12504744E-01   -1.76151638E+00   -2.92103455E+00   -1.03526641E+00
     2.17120545E-01   -2.00797459E+00   -2.99727796E+00   -1.03106412E+00
     2.22620902E-01   -1.90563824E+00   -3.07186490E+00   -1.07726748E+00
     2.27576962E-01   -1.88449997E+00   -3.14511271E+00   -1.10915994E+00
     2.32329848E-01   -1.98063331E+00   -3.22366677E+00   -1.17603173E+00
     2.37344556E-01   -2.04549816E+00   -3.30090135E+00   -1.14890712E+00
     2.42490358E-01   -2.14651518E+00   -3.38489210E+00   -1.16878535E+00
     2.47900358E-01   -2.08555478E+00   -3.46311062E+00   -1.20374970E+00
     2.52955681E-01   -2.35387028E+00   -3.54330880E+00   -1.19943679E+00
     2.58894575E-01   -2.17989678E+00   -3.62874031E+00   -1.32899886E+00
     2.64058377E-01   -2.48171626E+00   -3.71177545E+00   -1.24850282E+00
     2.70203340E-01   -2.55611210E+00   -3.79778291E+00   -1.26927544E+00
     2.76478670E-01   -2.30902115E+00   -3.88258901E+00   -1.35554539E+00
     2.81737946E-01   -2.52936027E+00   -3.97126712E+00   -1.41443293E+00
     2.87657319E-01   -2.46217274E+00   -4.05980725E+00   -1.38514543E+00
     2.93215024E-01   -2.78743667E+00   -4.14633874E+00   -1.38295886E+00
     2.99770804E-01   -2.30055089E+00   -4.23975861E+00   -1.65741843E+00
     3.04532592E-01   -2.93260253E+00   -4.33195970E+00   -1.42852226E+00
     3.11318919E-01   -2.70882839E+00   -4.42796526E+00   -1.55420588E+00
     3.17219774E-01   -2.84743016E+00   -4.51963172E+00   -1.58626154E+00
     3.23453608E-01   -2.92736463E+00   -4.61794370E+00   -1.54177259E+00
     3.29818371E-01   -2.90355899E+00   -4.70839644E+00   -1.72655003E+00
     3.35976305E-01   -2.82562120E+00   -4.81050847E+00   -1.71734396E+00
     3.41761626E-01   -3.24326025E+00   -4.90946250E+00   -1.63095556E+00
     3.48745431E-01   -3.31202747E+00   -5.00520587E+00   -1.66588695E+00
     3.55802786E-01   -3.18023826E+00   -5.10804775E+00   -1.68234380E+00
     3.62312714E-01   -3.10340043E+00   -5.21378083E+00   -1.96107949E+00
     3.68459624E-01   -3.48830981E+00   -5.31051038E+00   -1.71986251E+00
     3.75647071E-01   -3.20201849E+00   -5.41832068E+00   -1.92769732E+00
     3.81839629E-01   -3.61246928E+00   -5.52465180E+00   -1.82403752E+00
     3.89122814E-01   -3.59394113E+00   -5.62276904E+00   -1.99219181E+00
     3.96210086E-01   -3.65409316E+00   -5.73203684E+00   -1.85668801E+00
     4.03334905E-01   -3.42104205E+00   -5.84163378E+00   -2.15175689E+00
     4.09657467E-01   -3.77733277E+00   -5.94624498E+00   -2.02680782E+00
     4.16867427E-01   -3.77958674E+00   -6.05869913E+00   -2.01244883E+00
     4.23945405E-01   -3.98167310E+00   -6.17169745E+00   -1.97328621E+00
     4.31446792E-01   -4.16237074E+00   -6.27380236E+00   -2.19979010E+00
     4.39299379E-01   -4.12478193E+00   -6.38502269E+00   -2.03361027E+00
     4.46899702E-01   -3.94327909E+00   -6.49839208E+00   -2.26896708E+00
     4.53866965E-01   -4.10211185E+00   -6.60847002E+00   -2.29449035E+00
     4.61117904E-01   -4.37930780E+00   -6.72441361E+00   -2.11728045E+00
     4.68950476E-01   -4.39861964E+00   -6.84033209E+00   -2.18943305E+00
     4.76678395E-01   -4.69291554E+00   -6.94172315E+00   -2.26999869E+00
     4.85004059E-01   -4.63298545E+00   -7.05724267E+00   -2.19953220E+00
     4.93011507E-01   -4.72543674E+00   -7.17186447E+00   -2.22956000E+00
     5.01085561E-01   -4.80569158E+00   -7.28578706E+00   -2.25319512E+00
     5.09189866E-01   -4.88239828E+00   -7.40050928E+00   -2.27416813E+00
     5.17311635E-01   -4.97586108E+00   -7.51665459E+00   -2.30172308E+00
     5.25487011E-01   -5.07151982E+00   -7.63145127E+00   -2.32954696E+00
     5.33714454E-01   -5.16705860E+00   -7.74489269E+00   -2.35654304E+00
     5.41985979E-01   -5.49954102E+00   -7.85673572E+00   -2.20668923E+00
     5.50835251E-01   -5.42755174E+00   -7.96670178E+00   -2.35555865E+00
     5.59325569E-01   -5.57379804E+00   -8.07803466E+00   -2.29709448E+00
     5.67949225E-01   -5.95333850E+00   -8.18763668E+00   -2.12082551E+00
     5.77203840E-01   -5.54521201E+00   -8.29972885E+00   -2.29590395E+00
     5.85370889E-01   -6.15048245E+00   -8.41807144E+00   -2.09787041E+00
     5.94620162E-01   -6.37093693E+00   -8.51955479E+00   -2.09105379E+00
     6.04104487E-01   -6.23046947E+00   -8.63083117E+00   -1.96647870E+00
     6.13074596E-01   -6.49919288E+00   -8.73467060E+00   -2.10289738E+00
     6.22362436E-01   -6.40153036E+00   -8.83551443E+00   -2.09023720E+00
     6.31232043E-01   -6.80390982E+00   -8.94618963E+00   -2.01113967E+00
     6.40654632E-01   -6.72386860E+00   -9.03708534E+00   -2.14160386E+00
     6.49691788E-01   -6.90460886E+00   -9.14145585E+00   -2.12291411E+00
     6.58836060E-01   -6.70225860E+00   -9.24518170E+00   -2.06367862E+00
     6.67384873E-01   -7.01089976E+00   -9.34317787E+00   -2.23640066E+00
     6.76267910E-01   -7.10100652E+00   -9.43361022E+00   -2.22717291E+00
     6.85089107E-01   -6.82665310E+00   -9.53032774E+00   -2.43755838E+00
     6.93228465E-01   -6.73530465E+00   -9.62293910E+00   -2.63218414E+00
     7.01020745E-01   -7.05881089E+00   -9.70739600E+00   -2.51686236E+00
     7.09161829E-01   -6.91360308E+00   -9.80253263E+00   -2.75393434E+00
     7.16881371E-01   -6.06958735E+00   -9.87523635E+00   -3.35336495E+00
     7.23089830E-01   -6.03949518E+00   -9.96980747E+00   -3.40582555E+00
     7.29114888E-01   -6.55934480E+00   -1.00478077E+01   -3.17444298E+00
     7.35805931E-01   -7.12549147E+00   -1.01356985E+01   -3.04604214E+00
     7.43207331E-01   -6.06831069E+00   -1.02186003E+01   -3.56644786E+00
     7.48889260E-01   -7.25840073E+00   -1.03018512E+01   -3.40007284E+00
     7.56186752E-01   -6.31772975E+00   -1.03838925E+01   -3.57633824E+00
     7.61987867E-01   -6.87715790E+00   -1.04552063E+01   -3.48406703E+00
     7.68461574E-01   -7.29169054E+00   -1.05336982E+01   -3.44438882E+00
     7.75383271E-01   -6.43504702E+00   -1.06192125E+01   -3.59841995E+00
     7.80999177E-01   -6.53852000E+00   -1.06866091E+01   -3.91783112E+00
     7.86645235E-01   -6.71823629E+00   -1.07716965E+01   -3.79716744E+00
     7.92420014E-01   -6.84082004E+00   -1.08402825E+01   -3.58644795E+00
     7.98243030E-01   -6.02394037E+00   -1.09051059E+01   -4.44099253E+00
     8.02904766E-01   -7.43793473E+00   -1.09783811E+01   -3.48696614E+00
     8.09266026E-01   -6.84971841E+00   -1.10597380E+01   -3.67942990E+00
     8.14773435E-01   -6.87905876E+00   -1.11216054E+01   -3.83068504E+00
     8.20211398E-01   -6.77917886E+00   -1.11985055E+01   -4.19657761E+00
     8.25424226E-01   -7.47031352E+00   -1.12629019E+01   -3.58399265E+00
     8.31357415E-01   -5.25879312E+00   -1.13226251E+01   -5.06336931E+00
     8.34589958E-01   -6.31579076E+00   -1.13856308E+01   -4.52388959E+00
     8.38976066E-01   -7.42438448E+00   -1.14501607E+01   -3.66363904E+00
     8.44531711E-01   -7.19546126E+00   -1.15137006E+01   -4.15596961E+00
     8.49722635E-01   -7.53415808E+00   -1.15775268E+01   -4.04517371E+00
     8.55179782E-01   -7.88529181E+00   -1.16386699E+01   -3.85698895E+00
     8.60902086E-01   -8.13016133E+00   -1.16967596E+01   -3.70514739E+00
     8.66761622E-01   -8.06757388E+00   -1.17524717E+01   -3.74624061E+00
     8.72427874E-01   -7.62358242E+00   -1.18065043E+01   -4.03287488E+00
     8.77513773E-01   -6.69489986E+00   -1.18635733E+01   -4.57310052E+00
     8.81553651E-01   -6.99823840E+00   -1.19261268E+01   -4.57544983E+00
     8.85784176E-01   -8.36547678E+00   -1.19782676E+01   -3.44872316E+00
     8.91191375E-01   -7.09900682E+00   -1.20282279E+01   -4.72443920E+00
     8.95264692E-01   -7.03650979E+00   -1.20755996E+01   -4.38887963E+00
     8.99136786E-01   -8.95069958E+00   -1.21236481E+01   -3.18050116E+00
     9.04474318E-01   -8.35838201E+00   -1.21772283E+01   -3.27360646E+00
     9.09022175E-01   -9.46510274E+00   -1.22270933E+01   -2.43675494E+00
     9.13941580E-01   -8.80734754E+00   -1.23233859E+01   -2.99318368E+00
     9.17238378E-01   -1.04708775E+01   -1.22336971E+01   -1.57771012E+00
     9.19470635E-01   -8.64704224E+00   -1.20867383E+01   -3.43969608E+00
     9.20436950E-01   -7.88755725E+00   -1.20992969E+01   -4.21173964E+00
     9.21217018E-01   -6.43132048E+00   -1.21197098E+01   -5.20219791E+00
     9.21765046E-01   -7.08230435E+00   -1.21763666E+01   -5.09406221E+00
     9.22410772E-01   -8.38162827E+00   -1.22111956E+01   -3.82956736E+00
     9.23261055E-01   -7.22249405E+00   -1.22502041E+01   -5.02771002E+00
     9.23949501E-01   -7.28619651E+00   -1.22938154E+01   -5.00761886E+00
     9.24666969E-01   -7.34684908E+00   -1.23424287E+01   -4.99557963E+00
     9.25418674E-01   -7.40612868E+00   -1.23964566E+01   -4.99032789E+00
     9.26210567E-01   -7.46570369E+00   -1.24569694E+01   -4.99126569E+00
     9.27049714E-01   -7.52701662E+00   -1.25251824E+01   -4.99816582E+00
     9.27944713E-01   -7.59166367E+00   -1.26028608E+01   -5.01119711E+00
     9.28906315E-01   -7.66141673E+00   -1.26922551E+01   -5.03083834E+00
     9.29948273E-01   -7.73834733E+00   -1.27962874E+01   -5.05794006E+00
     9.31088631E-01   -7.82520658E+00   -1.29190970E+01   -5.09389044E+00
     9.32351785E-01   -7.92604375E+00   -1.30670038E+01   -5.14096004E+00
     9.33771963E-01   -8.04623218E+00   -1.32485629E+01   -5.20233073E+00
     9.35399121E-01   -8.20212815E+00   -1.34776895E+01   -5.28831474E+00
     9.37313140E-01   -8.42056732E+00   -1.37622731E+01   -5.42150633E+00
     9.39651542E-01   -8.56711645E+00   -1.41494994E+01   -5.55106508E+00
     9.42584163E-01   -8.96672322E+00   -1.47247774E+01   -5.75805413E+00
     9.46675587E-01   -9.47120432E+00   -1.55443341E+01   -6.07312981E+00
     9.53254805E-01   -8.91793327E+00   -1.48609162E+01   -5.86243381E+00
     9.68256534E-01   -1.14184167E+01   -1.77771105E+01   -6.47046925E+00
     1.00000000E+00
