     0.00000000E+00    3.91500657E-05    6.44466964E-05    2.56881313E-05
    -1.79480813E-06    4.92101522E-05    7.91203044E-05    3.02164423E-05
    -3.74362114E-06    5.22356319E-05    9.51418386E-05    3.84855990E-05
    -5.54209541E-06    6.89047498E-05    1.13345223E-04    4.51075445E-05
    -7.80397051E-06    8.48188183E-05    1.33552336E-04    4.94923618E-05
    -1.04246466E-05    9.42153819E-05    1.55509300E-04    6.16387562E-05
    -1.30739169E-05    1.09622790E-04    1.80124561E-04    7.15979992E-05
    -1.59962257E-05    1.26384813E-04    2.07476905E-04    8.23559401E-05
    -1.92048439E-05    1.37953422E-04    2.37338983E-04    9.47554262E-05
    -2.24459064E-05    1.65161836E-04    2.70887923E-04    1.07377705E-04
    -2.63349539E-05    1.83142219E-04    3.08105472E-04    1.22772723E-04
    -3.04129883E-05    2.10111051E-04    3.48510106E-04    1.38477885E-04
    -3.49965487E-05    2.47470964E-04    3.93875512E-04    1.48879258E-04
    -4.04036831E-05    2.43955083E-04    4.43006707E-04    1.75339335E-04
    -4.49852564E-05    3.04153199E-04    4.97790314E-04    1.96678647E-04
    -5.11949622E-05    3.40540799E-04    5.58263197E-04    2.19965290E-04
    -5.79364324E-05    3.81178838E-04    6.23143332E-04    2.45776282E-04
    -6.52789579E-05    4.12809883E-04    6.95354212E-04    2.74522440E-04
    -7.28184908E-05    4.80308277E-04    7.72699970E-04    2.97194776E-04
    -8.17442507E-05    5.08084871E-04    8.58554709E-04    3.40587679E-04
    -9.05291939E-05    5.82476590E-04    9.50180861E-04    3.73529037E-04
    -1.00713942E-04    6.45311102E-04    1.05202693E-03    4.13286314E-04
    -1.11730654E-04    7.11719227E-04    1.15983874E-03    4.55236700E-04
    -1.23573497E-04    7.49301867E-04    1.27956318E-03    5.07721034E-04
    -1.35238366E-04    8.64108562E-04    1.40680586E-03    5.51338379E-04
    -1.49074976E-04    1.01948713E-03    1.54788166E-03    5.33630137E-04
    -1.65998791E-04    1.04228670E-03    1.69527412E-03    6.63410285E-04
    -1.81772214E-04    1.14574440E-03    1.85864918E-03    7.26741805E-04
    -1.98829084E-04    1.33214271E-03    2.03061078E-03    7.11789501E-04
    -2.19322585E-04    1.20760317E-03    2.21713359E-03    8.87205142E-04
    -2.34341219E-04    1.49249092E-03    2.42098395E-03    9.43417937E-04
    -2.55510727E-04    1.50814747E-03    2.63782987E-03    1.04407506E-03
    -2.75031335E-04    1.78823899E-03    2.87973357E-03    1.10937698E-03
    -2.99927123E-04    1.97106738E-03    3.13318540E-03    1.18182869E-03
    -3.27128882E-04    2.07833934E-03    3.41246865E-03    1.32549286E-03
    -3.54498743E-04    2.29151924E-03    3.70581968E-03    1.43721563E-03
    -3.84616793E-04    2.17699604E-03    4.02639701E-03    1.59085253E-03
    -4.09288954E-04    2.70878064E-03    4.37244957E-03    1.69140277E-03
    -4.44413326E-04    2.93702060E-03    4.73964514E-03    1.83199475E-03
    -4.81835629E-04    3.00234072E-03    5.14428046E-03    2.01676959E-03
    -5.17582772E-04    3.45758365E-03    5.57029304E-03    2.14728523E-03
    -5.60633602E-04    3.40862615E-03    6.02758508E-03    2.37311872E-03
    -5.99053189E-04    4.00848102E-03    6.53127317E-03    2.52567063E-03
    -6.47502978E-04    4.47103951E-03    7.05782127E-03    2.63149215E-03
    -7.02065706E-04    4.69836632E-03    7.62587703E-03    2.95543069E-03
    -7.57166159E-04    5.13803003E-03    8.23711588E-03    3.16991383E-03
    -8.17199923E-04    5.53746275E-03    8.88090054E-03    3.39881242E-03
    -8.80887468E-04    5.18744635E-03    9.58101433E-03    3.76573662E-03
    -9.32655143E-04    6.10615379E-03    1.03256988E-02    4.00425923E-03
    -9.99008092E-04    6.95430545E-03    1.11217487E-02    4.24346379E-03
    -1.07728460E-03    6.53988985E-03    1.19744802E-02    4.69154886E-03
    -1.14182901E-03    7.79501982E-03    1.29053635E-02    4.95561829E-03
    -1.22594709E-03    8.69034998E-03    1.38764450E-02    5.26828418E-03
    -1.32117412E-03    8.82506482E-03    1.49250274E-02    5.54677929E-03
    -1.41233822E-03    8.83483518E-03    1.60323287E-02    6.25384635E-03
    -1.49745650E-03    1.06584405E-02    1.72296203E-02    6.57671126E-03
    -1.61017147E-03    1.09604925E-02    1.85096345E-02    7.13174315E-03
    -1.72083090E-03    1.08458597E-02    1.98515921E-02    7.72072239E-03
    -1.82216217E-03    1.26127689E-02    2.13103182E-02    8.66380730E-03
    -1.94802471E-03    1.44419636E-02    2.28635336E-02    8.60683658E-03
    -2.09762270E-03    1.38088482E-02    2.44863593E-02    9.84202580E-03
    -2.22682474E-03    1.66950517E-02    2.62473304E-02    9.88617971E-03
    -2.39692924E-03    1.57880463E-02    2.81019724E-02    1.08153401E-02
    -2.54122884E-03    1.82488920E-02    3.00523102E-02    1.14245254E-02
    -2.71747410E-03    1.95483327E-02    3.21521643E-02    1.21975544E-02
    -2.90429302E-03    1.97016748E-02    3.43222318E-02    1.31786984E-02
    -3.08233786E-03    2.34368824E-02    3.66964917E-02    1.37227541E-02
    -3.30958548E-03    2.13727841E-02    3.91675289E-02    1.55691919E-02
    -3.49073519E-03    2.67462800E-02    4.17732369E-02    1.55618825E-02
    -3.74536802E-03    2.80644619E-02    4.45784266E-02    1.66772915E-02
    -4.00563785E-03    2.94251105E-02    4.74185447E-02    1.78007085E-02
    -4.27177552E-03    3.14806122E-02    5.05255600E-02    1.89137239E-02
    -4.55385974E-03    3.12708980E-02    5.36876618E-02    2.06105433E-02
    -4.81692817E-03    3.67076667E-02    5.71100890E-02    2.11584206E-02
    -5.14560574E-03    3.50855132E-02    6.06479445E-02    2.30447827E-02
    -5.43244253E-03    4.08895060E-02    6.43953276E-02    2.44168042E-02
    -5.78732506E-03    4.03082822E-02    6.82241515E-02    2.57634946E-02
    -6.11463835E-03    4.56869117E-02    7.24126669E-02    2.67782927E-02
    -6.50013764E-03    4.24299809E-02    7.66785136E-02    3.01091008E-02
    -6.81918970E-03    7.71193474E-02    8.12491127E-02    5.41851779E-02
    -7.59714043E-03    4.65445345E-02    8.57283260E-02    3.60449427E-02
    -7.91972078E-03    5.33147977E-02    9.05867753E-02    3.38893273E-02
    -8.31678778E-03    6.18335088E-02    9.54915273E-02    3.48205921E-02
    -8.80639081E-03    6.30968241E-02    1.00731334E-01    3.71617793E-02
    -9.28746568E-03    6.49848782E-02    1.06116367E-01    3.97787077E-02
    -9.76851760E-03    6.29134361E-02    1.11659181E-01    4.29288300E-02
    -1.01987528E-02    7.19986682E-02    1.17539362E-01    4.32887190E-02
    -1.07223273E-02    8.12955263E-02    1.23638721E-01    4.46372853E-02
    -1.13359846E-02    7.76880053E-02    1.29980049E-01    5.42730714E-02
    -1.18748691E-02    8.18116308E-02    1.36516598E-01    5.02415947E-02
    -1.24376805E-02    8.27675615E-02    1.43261921E-01    5.38291159E-02
    -1.29847260E-02    9.57386794E-02    1.50189983E-01    5.44076517E-02
    -1.36596728E-02    1.04415724E-01    1.57534742E-01    5.61096731E-02
    -1.44043922E-02    9.62987002E-02    1.64969891E-01    6.08107391E-02
    -1.50198715E-02    1.01301150E-01    1.72733132E-01    6.35226095E-02
    -1.56638400E-02    1.15503178E-01    1.80482958E-01    6.48677490E-02
    -1.64386102E-02    1.13475095E-01    1.88685552E-01    7.14566081E-02
    -1.71551711E-02    1.07139549E-01    1.97118167E-01    7.93918158E-02
    -1.77692215E-02    1.31131159E-01    2.05563278E-01    7.35720869E-02
    -1.86169196E-02    1.43553990E-01    2.14576177E-01    7.53367391E-02
    -1.95603868E-02    1.24774382E-01    2.23547552E-01    8.51987210E-02
    -2.02625110E-02    1.35379397E-01    2.32905790E-01    8.46586041E-02
    -2.10450308E-02    1.61881238E-01    2.42310235E-01    8.46530411E-02
    -2.20680659E-02    1.32823427E-01    2.51902707E-01    1.05994758E-01
    -2.27496252E-02    1.51102032E-01    2.61819395E-01    9.49816047E-02
    -2.35866224E-02    1.77328771E-01    2.71845000E-01    9.57906252E-02
    -2.46497534E-02    1.69107777E-01    2.82141873E-01    1.05769882E-01
    -2.55871641E-02    1.80707783E-01    2.92524843E-01    1.04651382E-01
    -2.65982145E-02    1.82594105E-01    3.03051622E-01    1.14303533E-01
    -2.75855079E-02    2.06877814E-01    3.13797514E-01    1.11440399E-01
    -2.87625838E-02    2.06121876E-01    3.24448743E-01    1.15191590E-01
    -2.98845874E-02    2.27706433E-01    3.35222138E-01    1.15015542E-01
    -3.11606895E-02    2.16396174E-01    3.46021477E-01    1.33600079E-01
    -3.22824458E-02    2.20236789E-01    3.56463057E-01    1.27626834E-01
    -3.33942021E-02    2.29460769E-01    3.67300578E-01    1.30748469E-01
    -3.45439855E-02    2.34623076E-01    3.77968377E-01    1.33042502E-01
    -3.56939007E-02    2.43990772E-01    3.87895589E-01    1.45561211E-01
    -3.68801994E-02    2.72109774E-01    3.98381010E-01    1.35572509E-01
    -3.82610000E-02    2.55507524E-01    4.08559640E-01    1.59058502E-01
    -3.94484573E-02    2.75676818E-01    4.18609887E-01    1.43475965E-01
    -4.07584080E-02    2.58675546E-01    4.28428867E-01    1.61086529E-01
    -4.18789654E-02    2.72828502E-01    4.37851854E-01    1.52068970E-01
    -4.30718772E-02    2.63654097E-01    4.46877640E-01    1.61984448E-01
    -4.41465856E-02    2.75664205E-01    4.55650335E-01    1.58622239E-01
    -4.52759134E-02    2.67026648E-01    4.64139983E-01    1.83039912E-01
    -4.62962670E-02    2.83829765E-01    4.72487029E-01    1.63991195E-01
    -4.74078722E-02    2.95902911E-01    4.80225253E-01    1.77234979E-01
    -4.85700021E-02    3.17126127E-01    4.87760432E-01    1.67474798E-01
    -4.98480983E-02    3.06693591E-01    4.94629028E-01    1.81099073E-01
    -5.10033149E-02    2.79624835E-01    5.00773842E-01    2.00955608E-01
    -5.19207629E-02    3.12011501E-01    5.06284778E-01    1.75510723E-01
    -5.30365501E-02    3.31111972E-01    5.12094007E-01    1.80925537E-01
    -5.42470208E-02    3.16347334E-01    5.16371170E-01    1.84051545E-01
    -5.53122953E-02    3.32094569E-01    5.19350088E-01    1.83420772E-01
    -5.64476175E-02    3.46104524E-01    5.22170100E-01    1.80561517E-01
    -5.76373611E-02    3.59372408E-01    5.24026033E-01    1.72380755E-01
    -5.88735919E-02    3.31001235E-01    5.24806423E-01    1.92536975E-01
    -5.98818008E-02    3.27308685E-01    5.24441147E-01    1.87369326E-01
    -6.08315562E-02    3.36317704E-01    5.23637935E-01    1.89124244E-01
    -6.18057599E-02    3.29235541E-01    5.21198999E-01    1.87890299E-01
    -6.27025852E-02    3.18726736E-01    5.17486550E-01    1.84620739E-01
    -6.35046441E-02    3.22361409E-01    5.12485449E-01    1.82172693E-01
    -6.43018552E-02    3.29267571E-01    5.06202118E-01    1.75180747E-01
    -6.51136548E-02    3.05292190E-01    4.99175745E-01    1.69629465E-01
    -6.57581351E-02    2.67197745E-01    4.90151484E-01    1.89390734E-01
    -6.61617317E-02    2.77895551E-01    4.79767447E-01    1.79014464E-01
    -6.66131186E-02    2.98318695E-01    4.68429060E-01    1.63163150E-01
    -6.71643781E-02    2.92024786E-01    4.55275746E-01    1.60029517E-01
    -6.76634211E-02    2.55990389E-01    4.40340476E-01    1.67580840E-01
    -6.79511556E-02    2.72459663E-01    4.23807655E-01    1.39017946E-01
    -6.83180314E-02    2.54831857E-01    4.05553173E-01    1.41871612E-01
    -6.85807950E-02    2.18260692E-01    3.85670480E-01    1.43673611E-01
    -6.86457793E-02    2.29149415E-01    3.63785387E-01    1.26983539E-01
    -6.87644611E-02    2.13841321E-01    3.40072220E-01    1.25359487E-01
    -6.88025002E-02    2.12395088E-01    3.14498888E-01    1.02732250E-01
    -6.88322413E-02    1.85133563E-01    2.86654551E-01    9.79258349E-02
    -6.87277635E-02    1.60880836E-01    2.56949387E-01    9.41889340E-02
    -6.85093838E-02    1.34370317E-01    2.24732252E-01    8.29121222E-02
    -6.81712723E-02    1.21246794E-01    1.90211156E-01    6.04476910E-02
    -6.77811992E-02    9.30040039E-02    1.53463840E-01    5.60982974E-02
    -6.72714890E-02    7.31681265E-02    1.14347952E-01    3.92659969E-02
    -6.66854433E-02    4.27197588E-02    7.27628541E-02    2.66437994E-02
    -6.59786117E-02    1.89607247E-02    2.87159124E-02    1.02142421E-02
    -6.51855856E-02   -1.12959782E-02   -1.79876213E-02   -6.35795165E-03
    -6.42813685E-02   -3.90039198E-02   -6.72952592E-02   -2.45030783E-02
    -6.32813799E-02   -7.54176486E-02   -1.19363485E-01   -4.25128818E-02
    -6.21524752E-02   -1.07747268E-01   -1.74187692E-01   -6.21679793E-02
    -6.09169975E-02   -1.34022062E-01   -2.31724193E-01   -8.36147242E-02
    -5.96041970E-02   -1.84796884E-01   -2.92253005E-01   -1.01257161E-01
    -5.81167082E-02   -2.12529569E-01   -3.56146234E-01   -1.27298037E-01
    -5.65542297E-02   -2.69356770E-01   -4.22343722E-01   -1.48389827E-01
    -5.48037679E-02   -3.01578015E-01   -4.92573110E-01   -1.73902671E-01
    -5.29693002E-02   -3.39153055E-01   -5.65144176E-01   -1.99636694E-01
    -5.10330136E-02   -4.20078211E-01   -6.41009704E-01   -2.21341970E-01
    -4.88319581E-02   -4.27710887E-01   -7.20805597E-01   -2.75082174E-01
    -4.66537076E-02   -5.20824281E-01   -8.03298796E-01   -2.76851594E-01
    -4.41774070E-02   -5.26852207E-01   -8.90065575E-01   -3.11662680E-01
    -4.17361045E-02   -6.41567398E-01   -9.79374261E-01   -3.33839963E-01
    -3.89307742E-02   -7.30890383E-01   -1.07292742E+00   -3.59655067E-01
    -3.58655202E-02   -6.98825572E-01   -1.16910960E+00   -4.14549900E-01
    -3.29832502E-02   -8.28825190E-01   -1.26960694E+00   -4.34801147E-01
    -2.97056937E-02   -8.48392220E-01   -1.37291218E+00   -4.71170669E-01
    -2.64318511E-02   -9.46476643E-01   -1.47908251E+00   -5.01776407E-01
    -2.28902291E-02   -9.20945902E-01   -1.59169706E+00   -6.17581155E-01
    -1.95115055E-02   -1.07966410E+00   -1.70589693E+00   -5.77645516E-01
    -1.56687498E-02   -1.25613737E+00   -1.82547938E+00   -5.99257658E-01
    -1.13181876E-02   -1.15369357E+00   -1.94661514E+00   -6.83842399E-01
    -7.39707373E-03   -1.28534513E+00   -2.07494051E+00   -7.51055136E-01
    -3.12699887E-03   -1.28745324E+00   -2.20426222E+00   -7.94905415E-01
     1.06252371E-03   -1.55261338E+00   -2.33924510E+00   -7.87449203E-01
     6.01391200E-03   -1.52277590E+00   -2.47713809E+00   -8.41069602E-01
     1.07701894E-02   -1.88666120E+00   -2.61930974E+00   -8.28564862E-01
     1.65682825E-02   -1.54335688E+00   -2.76414861E+00   -1.04716895E+00
     2.11890742E-02   -1.88564250E+00   -2.91607967E+00   -9.84491659E-01
     2.67664415E-02   -2.00794374E+00   -3.06808918E+00   -1.07076624E+00
     3.26042104E-02   -2.04297757E+00   -3.22422256E+00   -1.05931921E+00
     3.84320333E-02   -1.91408026E+00   -3.38873345E+00   -1.27068455E+00
     4.37641352E-02   -2.50161452E+00   -3.55352176E+00   -1.13139267E+00
     5.07171782E-02   -2.28810317E+00   -3.72229883E+00   -1.25612087E+00
     5.69174947E-02   -2.48949792E+00   -3.89808525E+00   -1.30138213E+00
     6.35776469E-02   -2.61567454E+00   -4.07348860E+00   -1.52202543E+00
     7.04691456E-02   -2.70937312E+00   -4.25150012E+00   -1.37655972E+00
     7.74936782E-02   -2.67346711E+00   -4.43789423E+00   -1.55074973E+00
     8.42870221E-02   -2.96072347E+00   -4.62636533E+00   -1.62872166E+00
     9.17450678E-02   -3.06222985E+00   -4.81755031E+00   -1.55513396E+00
     9.93403214E-02   -3.20274434E+00   -5.01616988E+00   -1.63128085E+00
     1.07171836E-01   -3.41548880E+00   -5.21580291E+00   -1.86947205E+00
     1.15423983E-01   -3.48998748E+00   -5.41090077E+00   -1.72543283E+00
     1.23718540E-01   -3.54017556E+00   -5.61846369E+00   -1.85861814E+00
     1.31988159E-01   -3.62007619E+00   -5.82781741E+00   -2.06895355E+00
     1.40306527E-01   -3.92383570E+00   -6.03984680E+00   -1.90297981E+00
     1.49239543E-01   -4.07401310E+00   -6.25759533E+00   -1.97057549E+00
     1.58378731E-01   -4.39825749E+00   -6.47460908E+00   -2.25053119E+00
     1.68149250E-01   -4.38220428E+00   -6.68714967E+00   -2.08675434E+00
     1.77690212E-01   -4.54561682E+00   -6.91130502E+00   -2.15128041E+00
     1.87439650E-01   -4.70533609E+00   -7.13696177E+00   -2.21298435E+00
     1.97376461E-01   -4.86778896E+00   -7.36401946E+00   -2.27118765E+00
     2.07496603E-01   -5.01905075E+00   -7.59614783E+00   -2.32955458E+00
     2.17764671E-01   -5.19330295E+00   -7.82940603E+00   -2.39364898E+00
     2.28223732E-01   -5.36976431E+00   -8.06324455E+00   -2.45746640E+00
     2.38865265E-01   -5.54695032E+00   -8.29727942E+00   -2.52028633E+00
     2.49676971E-01   -6.12931358E+00   -8.53139074E+00   -2.28385410E+00
     2.61538810E-01   -6.42764351E+00   -8.76527991E+00   -2.22113658E+00
     2.73789318E-01   -6.44620750E+00   -9.00142136E+00   -2.40515871E+00
     2.85809827E-01   -6.39936468E+00   -9.23495127E+00   -2.54467198E+00
     2.97463301E-01   -6.59125320E+00   -9.48148483E+00   -2.44003405E+00
     3.09248510E-01   -7.25914280E+00   -9.71830996E+00   -2.38725356E+00
     3.22118752E-01   -7.32466008E+00   -9.94490336E+00   -2.35843670E+00
     3.34817844E-01   -7.62306819E+00   -1.01918686E+01   -2.48387560E+00
     3.47801821E-01   -8.17929281E+00   -1.04178126E+01   -2.23440107E+00
     3.61548375E-01   -7.65897124E+00   -1.06561856E+01   -2.63167124E+00
     3.73980947E-01   -8.39699022E+00   -1.08807334E+01   -2.45858367E+00
     3.87481617E-01   -8.25688370E+00   -1.11117518E+01   -2.51935943E+00
     4.00397688E-01   -8.30352176E+00   -1.13330481E+01   -2.67799238E+00
     4.13080933E-01   -8.71080395E+00   -1.15711380E+01   -2.77251591E+00
     4.26168535E-01   -8.92280056E+00   -1.17862769E+01   -2.74716538E+00
     4.39305607E-01   -8.17264056E+00   -1.20044723E+01   -3.29028630E+00
     4.50866350E-01   -8.76539404E+00   -1.22267333E+01   -3.18500183E+00
     4.63139208E-01   -9.37009389E+00   -1.24410153E+01   -3.10402238E+00
     4.76114849E-01   -8.67663505E+00   -1.26543258E+01   -3.56274373E+00
     4.87692324E-01   -8.80364442E+00   -1.28484089E+01   -4.01271335E+00
     4.99215579E-01   -8.57176926E+00   -1.30659658E+01   -3.97644191E+00
     5.10135231E-01   -9.55236628E+00   -1.32686401E+01   -3.81762305E+00
     5.22317551E-01   -9.42606300E+00   -1.34783680E+01   -3.96145947E+00
     5.34063588E-01   -8.35424967E+00   -1.36737455E+01   -4.65857571E+00
     5.43997854E-01   -9.22670549E+00   -1.38889263E+01   -4.70284799E+00
     5.55000508E-01   -8.51653111E+00   -1.40778111E+01   -4.86403615E+00
     5.64776723E-01   -9.90924102E+00   -1.42732286E+01   -4.65497808E+00
     5.76325427E-01   -1.01175044E+01   -1.44673879E+01   -4.70628328E+00
     5.87948621E-01   -8.87757755E+00   -1.46611692E+01   -4.97292084E+00
     5.97665800E-01   -9.69584355E+00   -1.48443757E+01   -5.17979565E+00
     6.08308901E-01   -9.15365450E+00   -1.50428144E+01   -5.41251573E+00
     6.18040492E-01   -9.75345210E+00   -1.52197033E+01   -5.01922212E+00
     6.28383475E-01   -8.96845361E+00   -1.53913132E+01   -6.00628377E+00
     6.37529993E-01   -1.05990316E+01   -1.55768514E+01   -4.94147547E+00
     6.48593753E-01   -9.77523261E+00   -1.57673644E+01   -5.22467224E+00
     6.58430616E-01   -9.86916896E+00   -1.59316569E+01   -5.44518971E+00
     6.68213400E-01   -9.73402082E+00   -1.61164121E+01   -6.11666381E+00
     6.77661538E-01   -1.09076286E+01   -1.62833926E+01   -5.15528166E+00
     6.88361387E-01   -8.48154005E+00   -1.64418047E+01   -6.92318517E+00
     6.95992266E-01   -8.85829525E+00   -1.66032186E+01   -6.82108464E+00
     7.03934953E-01   -1.06807744E+01   -1.67692496E+01   -5.29943359E+00
     7.13850765E-01   -9.93639096E+00   -1.69267602E+01   -6.22728882E+00
     7.22745964E-01   -1.00843196E+01   -1.70814560E+01   -6.35279478E+00
     7.31651929E-01   -1.01350605E+01   -1.72333870E+01   -6.45649844E+00
     7.40455409E-01   -9.95007140E+00   -1.73847480E+01   -6.64611954E+00
     7.48896571E-01   -9.81738722E+00   -1.75381657E+01   -6.70565689E+00
     7.57036962E-01   -1.01592566E+01   -1.76903044E+01   -6.44144484E+00
     7.65379651E-01   -1.07634323E+01   -1.78414958E+01   -6.29071115E+00
     7.74176912E-01   -1.24915648E+01   -1.79842489E+01   -5.12223993E+00
     7.84538604E-01   -1.10781888E+01   -1.81213411E+01   -6.88022567E+00
     7.93237463E-01   -1.23493846E+01   -1.82455041E+01   -5.28367350E+00
     8.02932501E-01   -1.32274128E+01   -1.83961563E+01   -4.95011265E+00
     8.13141320E-01   -1.26571415E+01   -1.85020625E+01   -5.05115041E+00
     8.22413366E-01   -1.45055212E+01   -1.86385714E+01   -3.97420726E+00
     8.32722299E-01   -1.45846432E+01   -1.87562161E+01   -3.69412587E+00
     8.41964215E-01   -1.48618506E+01   -1.89101976E+01   -3.42893236E+00
     8.48812078E-01   -1.50758070E+01   -1.88141134E+01   -3.11125158E+00
     8.52507691E-01   -1.31335892E+01   -1.85741158E+01   -5.30020568E+00
     8.54377366E-01   -1.26398822E+01   -1.86451887E+01   -6.00530648E+00
     8.56081329E-01   -1.22379373E+01   -1.87221141E+01   -6.39903845E+00
     8.57712113E-01   -1.10014063E+01   -1.88445210E+01   -7.87885385E+00
     8.59155299E-01   -1.29484761E+01   -1.89437665E+01   -5.99529044E+00
     8.60979663E-01   -1.12439763E+01   -1.90552139E+01   -7.81123752E+00
     8.62559629E-01   -1.13735293E+01   -1.91807125E+01   -7.80718323E+00
     8.64235912E-01   -1.15046773E+01   -1.93232127E+01   -7.81853537E+00
     8.66029269E-01   -1.16415779E+01   -1.94863341E+01   -7.84475624E+00
     8.67965542E-01   -1.17885529E+01   -1.96748960E+01   -7.88634312E+00
     8.70078057E-01   -1.19509099E+01   -1.98959754E+01   -7.94506557E+00
     8.72411424E-01   -1.21357336E+01   -2.01600555E+01   -8.02432186E+00
     8.75027763E-01   -1.23529948E+01   -2.04825868E+01   -8.12965218E+00
     8.78017489E-01   -1.26167944E+01   -2.08862632E+01   -8.26946882E+00
     8.81519327E-01   -1.29872023E+01   -2.14092238E+01   -8.48235312E+00
     8.85777490E-01   -1.34023819E+01   -2.20686986E+01   -8.74551991E+00
     8.91184104E-01   -1.39681104E+01   -2.30616817E+01   -9.09357126E+00
     8.98600384E-01   -1.48488999E+01   -2.44960028E+01   -9.64710289E+00
     9.10469843E-01   -1.72190732E+01   -2.37343708E+01   -6.57186972E+00
     9.45755495E-01   -1.76377872E+01   -2.89180034E+01   -1.14830896E+01
     1.00000000E+00
