     0.00000000E+00   -3.22336235E-05   -5.30612276E-05   -2.11499403E-05
     1.47772855E-06   -4.05166379E-05   -6.51428329E-05   -2.48783756E-05
     3.08226325E-06   -4.30080346E-05   -7.83347178E-05   -3.16869905E-05
     4.56303567E-06   -5.67332560E-05   -9.33236619E-05   -3.71396439E-05
     6.42537980E-06   -6.98375092E-05   -1.09963363E-04   -4.07506653E-05
     8.58319854E-06   -7.75762568E-05   -1.28045221E-04   -5.07529014E-05
     1.07646363E-05   -9.02653119E-05   -1.48317697E-04   -5.89550378E-05
     1.31709978E-05   -1.04071247E-04   -1.70846320E-04   -6.78157854E-05
     1.58132556E-05   -1.13602332E-04   -1.95444678E-04   -7.80295065E-05
     1.84824116E-05   -1.36014897E-04   -2.23082969E-04   -8.84282213E-05
     2.16854203E-05   -1.50831098E-04   -2.53747535E-04   -1.01112375E-04
     2.50443761E-05   -1.73053653E-04   -2.87043193E-04   -1.14054467E-04
     2.88200709E-05   -2.03840183E-04   -3.24432632E-04   -1.22630851E-04
     3.32746155E-05   -2.00962027E-04   -3.64934088E-04   -1.44438672E-04
     3.70497245E-05   -2.50575905E-04   -4.10103391E-04   -1.62033245E-04
     4.21668187E-05   -2.80584874E-04   -4.59974867E-04   -1.81238000E-04
     4.77229724E-05   -3.14107198E-04   -5.13495992E-04   -2.02529866E-04
     5.37755441E-05   -3.40219705E-04   -5.73080284E-04   -2.26249292E-04
     5.99918502E-05   -3.95909655E-04   -6.36922979E-04   -2.44972421E-04
     6.73523846E-05   -4.18876778E-04   -7.07812122E-04   -2.80788266E-04
     7.45988501E-05   -4.80296803E-04   -7.83497291E-04   -3.08003455E-04
     8.30018212E-05   -5.32218134E-04   -8.67655632E-04   -3.40856480E-04
     9.20937584E-05   -5.87120423E-04   -9.56788833E-04   -3.75539614E-04
     1.01870529E-04   -6.18276042E-04   -1.05581381E-03   -4.18938969E-04
     1.11504367E-04   -7.13197651E-04   -1.16111641E-03   -4.55050736E-04
     1.22934967E-04   -8.41684853E-04   -1.27792545E-03   -4.40563094E-04
     1.36919704E-04   -8.60782397E-04   -1.40005827E-03   -5.47883701E-04
     1.49961293E-04   -9.46550592E-04   -1.53551305E-03   -6.00393843E-04
     1.64070541E-04   -1.10095328E-03   -1.67820428E-03   -5.88260538E-04
     1.81028551E-04   -9.98432484E-04   -1.83310068E-03   -7.33531058E-04
     1.93470787E-04   -1.23450539E-03   -2.00250312E-03   -7.80342789E-04
     2.11010254E-04   -1.24803208E-03   -2.18287427E-03   -8.63999839E-04
     2.27198174E-04   -1.48054146E-03   -2.38422548E-03   -9.18489431E-04
     2.47849713E-04   -1.63276915E-03   -2.59543054E-03   -9.78989081E-04
     2.70428523E-04   -1.72260009E-03   -2.82837295E-03   -1.09861468E-03
     2.93166576E-04   -1.90043232E-03   -3.07335822E-03   -1.19193022E-03
     3.18205618E-04   -1.80661174E-03   -3.34136396E-03   -1.32019205E-03
     3.38750668E-04   -2.24943279E-03   -3.63098115E-03   -1.40457917E-03
     3.67999319E-04   -2.44071397E-03   -3.93872557E-03   -1.52241873E-03
     3.99190013E-04   -2.49689439E-03   -4.27823695E-03   -1.67724490E-03
     4.29024394E-04   -2.87780493E-03   -4.63624844E-03   -1.78722155E-03
     4.64976256E-04   -2.83947351E-03   -5.02113386E-03   -1.97686911E-03
     4.97117366E-04   -3.34215333E-03   -5.44558307E-03   -2.10582973E-03
     5.37668235E-04   -3.73134690E-03   -5.89016926E-03   -2.19613583E-03
     5.83379614E-04   -3.92499908E-03   -6.37063147E-03   -2.46895664E-03
     6.29609577E-04   -4.29684457E-03   -6.88855581E-03   -2.65094344E-03
     6.80040691E-04   -4.63607643E-03   -7.43527054E-03   -2.84555488E-03
     7.33617312E-04   -4.34818134E-03   -8.03092406E-03   -3.15648676E-03
     7.77299764E-04   -5.12456622E-03   -8.66580324E-03   -3.36055925E-03
     8.33312864E-04   -5.84392451E-03   -9.34595993E-03   -3.56591787E-03
     8.99458229E-04   -5.50317246E-03   -1.00762599E-02   -3.94783445E-03
     9.54183835E-04   -6.56863700E-03   -1.08749753E-02   -4.17595572E-03
     1.02552993E-03   -7.33399936E-03   -1.17106721E-02   -4.44603416E-03
     1.10641176E-03   -7.45934811E-03   -1.26153152E-02   -4.68839135E-03
     1.18404764E-03   -7.47983504E-03   -1.35734478E-02   -5.29469290E-03
     1.25676011E-03   -9.03910164E-03   -1.46119209E-02   -5.57751030E-03
     1.35307358E-03   -9.31185231E-03   -1.57254780E-02   -6.05901050E-03
     1.44789511E-03   -9.23164157E-03   -1.68970269E-02   -6.57162674E-03
     1.53504479E-03   -1.07563241E-02   -1.81737009E-02   -7.38860118E-03
     1.64338159E-03   -1.23411204E-02   -1.95376217E-02   -7.35481751E-03
     1.77232815E-03   -1.18250811E-02   -2.09686704E-02   -8.42812901E-03
     1.88420452E-03   -1.43280806E-02   -2.25260677E-02   -8.48454872E-03
     2.03156347E-03   -1.35809259E-02   -2.41734029E-02   -9.30338878E-03
     2.15721544E-03   -1.57353261E-02   -2.59129651E-02   -9.85093415E-03
     2.31087662E-03   -1.68979062E-02   -2.77928693E-02   -1.05437703E-02
     2.47424264E-03   -1.70748844E-02   -2.97461077E-02   -1.14216052E-02
     2.63063095E-03   -2.03670952E-02   -3.18899471E-02   -1.19253335E-02
     2.83041879E-03   -1.86260538E-02   -3.41339012E-02   -1.35683122E-02
     2.99084471E-03   -2.33773226E-02   -3.65114863E-02   -1.36017101E-02
     3.21622995E-03   -2.46047669E-02   -3.90829441E-02   -1.46213696E-02
     3.44754309E-03   -2.58804473E-02   -4.17063225E-02   -1.56563659E-02
     3.68508657E-03   -2.77810180E-02   -4.45878081E-02   -1.66909875E-02
     3.93785947E-03   -2.76923245E-02   -4.75437626E-02   -1.82519176E-02
     4.17507495E-03   -3.26246704E-02   -5.07577299E-02   -1.88049680E-02
     4.47189300E-03   -3.13009921E-02   -5.41061156E-02   -2.05590427E-02
     4.73298786E-03   -3.66219785E-02   -5.76745609E-02   -2.18684882E-02
     5.05656820E-03   -3.62490757E-02   -6.13537044E-02   -2.31690068E-02
     5.35725136E-03   -4.12602614E-02   -6.53965317E-02   -2.41837173E-02
     5.71237566E-03   -3.84880125E-02   -6.95546764E-02   -2.73118070E-02
     6.00946141E-03   -7.02733213E-02   -7.40364797E-02   -4.93750601E-02
     6.72677043E-03   -4.26217285E-02   -7.85030827E-02   -3.30070497E-02
     7.03153804E-03   -4.90690970E-02   -8.33729369E-02   -3.11905655E-02
     7.40736342E-03   -5.72085807E-02   -8.83490983E-02   -3.22161348E-02
     7.87178989E-03   -5.86970660E-02   -9.37073116E-02   -3.45704786E-02
     8.33193223E-03   -6.07973585E-02   -9.92784008E-02   -3.72154326E-02
     8.79586749E-03   -5.92065492E-02   -1.05080173E-01   -4.03994447E-02
     9.21600353E-03   -6.81683622E-02   -1.11286306E-01   -4.09857731E-02
     9.72842400E-03   -7.74551799E-02   -1.17798111E-01   -4.25286497E-02
     1.03313566E-02   -7.45028037E-02   -1.24650878E-01   -5.20478801E-02
     1.08681280E-02   -7.89883899E-02   -1.31805541E-01   -4.85078055E-02
     1.14333402E-02   -8.04702006E-02   -1.39285431E-01   -5.23349930E-02
     1.19889991E-02   -9.37522393E-02   -1.47073756E-01   -5.32787711E-02
     1.26758413E-02   -1.03013125E-01   -1.55418603E-01   -5.53559608E-02
     1.34387443E-02   -9.57424845E-02   -1.64017034E-01   -6.04594998E-02
     1.40813626E-02   -1.01521913E-01   -1.73109564E-01   -6.36610424E-02
     1.47600971E-02   -1.16709634E-01   -1.82368142E-01   -6.55453070E-02
     1.55791711E-02   -1.15639749E-01   -1.92284924E-01   -7.28197167E-02
     1.63487039E-02   -1.10145728E-01   -2.02649015E-01   -8.16194345E-02
     1.70225953E-02   -1.36029943E-01   -2.13242689E-01   -7.63205850E-02
     1.79480520E-02   -1.50310287E-01   -2.24675098E-01   -7.88824253E-02
     1.89857860E-02   -1.31915000E-01   -2.36340785E-01   -9.00744942E-02
     1.97820790E-02   -1.44554558E-01   -2.48690674E-01   -9.03962298E-02
     2.06759725E-02   -1.74626996E-01   -2.61388588E-01   -9.13182183E-02
     2.18425273E-02   -1.44805911E-01   -2.74627767E-01   -1.15556930E-01
     2.26535971E-02   -1.66529750E-01   -2.88551505E-01   -1.04679353E-01
     2.36493575E-02   -1.97625836E-01   -3.02960399E-01   -1.06754827E-01
     2.49130938E-02   -1.90649975E-01   -3.18083190E-01   -1.19243631E-01
     2.60549342E-02   -2.06162666E-01   -3.33730516E-01   -1.19392799E-01
     2.72999250E-02   -2.10883761E-01   -3.50003993E-01   -1.32012799E-01
     2.85386953E-02   -2.41966627E-01   -3.67021116E-01   -1.30341949E-01
     3.00214086E-02   -2.44253912E-01   -3.84470955E-01   -1.36501749E-01
     3.14650805E-02   -2.73500330E-01   -4.02638450E-01   -1.38146245E-01
     3.31206522E-02   -2.63579946E-01   -4.21469201E-01   -1.62730704E-01
     3.46193598E-02   -2.72166268E-01   -4.40513233E-01   -1.57719876E-01
     3.61358373E-02   -2.87832756E-01   -4.60737311E-01   -1.64009266E-01
     3.77316191E-02   -2.98886569E-01   -4.81494289E-01   -1.69482974E-01
     3.93617237E-02   -3.15817027E-01   -5.02084692E-01   -1.88411671E-01
     4.10750396E-02   -3.58069012E-01   -5.24229220E-01   -1.78399745E-01
     4.30832980E-02   -3.42023183E-01   -5.46899231E-01   -2.12916216E-01
     4.48787091E-02   -3.75610293E-01   -5.70356927E-01   -1.95486329E-01
     4.68850679E-02   -3.58971241E-01   -5.94542641E-01   -2.23544251E-01
     4.86785729E-02   -3.85860985E-01   -6.19253290E-01   -2.15070940E-01
     5.06222241E-02   -3.80279221E-01   -6.44550123E-01   -2.33636876E-01
     5.24481567E-02   -4.05753675E-01   -6.70677567E-01   -2.33478107E-01
     5.44068580E-02   -4.01379649E-01   -6.97669483E-01   -2.75135445E-01
     5.62590447E-02   -4.35994572E-01   -7.25793436E-01   -2.51908996E-01
     5.83084193E-02   -4.64861191E-01   -7.54430167E-01   -2.78434785E-01
     6.05009139E-02   -5.09926717E-01   -7.84300172E-01   -2.69293088E-01
     6.29496617E-02   -5.05203829E-01   -8.14782201E-01   -2.98317108E-01
     6.52751929E-02   -4.72298167E-01   -8.45828188E-01   -3.39422518E-01
     6.72784831E-02   -5.40846161E-01   -8.77602838E-01   -3.04233339E-01
     6.96993614E-02   -5.89617699E-01   -9.11896023E-01   -3.22177716E-01
     7.23772546E-02   -5.79324280E-01   -9.45626292E-01   -3.37052086E-01
     7.48890681E-02   -6.26129923E-01   -9.79180814E-01   -3.45820873E-01
     7.76321529E-02   -6.72639126E-01   -1.01481493E+00   -3.50913474E-01
     8.05919318E-02   -7.20886833E-01   -1.05117549E+00   -3.45788975E-01
     8.37684016E-02   -6.86323239E-01   -1.08817372E+00   -3.99220868E-01
     8.66093237E-02   -7.02562648E-01   -1.12570420E+00   -4.02185142E-01
     8.94569023E-02   -7.48521982E-01   -1.16542929E+00   -4.20922395E-01
     9.24977826E-02   -7.61120997E-01   -1.20489878E+00   -4.34361524E-01
     9.55135429E-02   -7.66798751E-01   -1.24497883E+00   -4.44164033E-01
     9.84624786E-02   -8.08739426E-01   -1.28572210E+00   -4.57034356E-01
     1.01566373E-01   -8.63360680E-01   -1.32729441E+00   -4.59335149E-01
     1.04892160E-01   -8.38722708E-01   -1.37137485E+00   -4.66019403E-01
     1.07963769E-01   -7.71204536E-01   -1.41470897E+00   -5.46632581E-01
     1.10545519E-01   -8.45114727E-01   -1.45903212E+00   -5.44405116E-01
     1.13464112E-01   -9.59019712E-01   -1.50588183E+00   -5.24528565E-01
     1.16926885E-01   -9.96077845E-01   -1.55291641E+00   -5.45850433E-01
     1.20483845E-01   -9.30363512E-01   -1.60035974E+00   -6.09050598E-01
     1.23572193E-01   -1.06008045E+00   -1.64894210E+00   -5.40888161E-01
     1.27258395E-01   -1.06729237E+00   -1.69854669E+00   -5.94189795E-01
     1.30869498E-01   -9.90306692E-01   -1.74988934E+00   -6.51885309E-01
     1.33971076E-01   -1.13477226E+00   -1.80150390E+00   -6.28835982E-01
     1.37717408E-01   -1.16618537E+00   -1.85458659E+00   -6.83648971E-01
     1.41510149E-01   -1.28955935E+00   -1.90948380E+00   -6.23740096E-01
     1.45803631E-01   -1.26860620E+00   -1.96426697E+00   -6.71025394E-01
     1.49869550E-01   -1.26611853E+00   -2.02216988E+00   -7.41258921E-01
     1.53805961E-01   -1.24298185E+00   -2.07886769E+00   -7.66971943E-01
     1.57519891E-01   -1.36149666E+00   -2.13590682E+00   -6.78775304E-01
     1.61684463E-01   -1.33013622E+00   -2.19482822E+00   -8.02313603E-01
     1.65588485E-01   -1.44289168E+00   -2.25496698E+00   -7.74334169E-01
     1.69898724E-01   -1.35955218E+00   -2.31567077E+00   -8.47936330E-01
     1.73716827E-01   -1.57163367E+00   -2.38023047E+00   -8.46647322E-01
     1.78371587E-01   -1.53479308E+00   -2.44399167E+00   -8.63859684E-01
     1.82741608E-01   -1.45284171E+00   -2.50665471E+00   -9.12705550E-01
     1.86643433E-01   -1.62566370E+00   -2.57293736E+00   -9.16385621E-01
     1.91179097E-01   -1.63281781E+00   -2.63966568E+00   -9.42102622E-01
     1.95627514E-01   -1.56505812E+00   -2.70598603E+00   -9.76420603E-01
     1.99681443E-01   -1.75455936E+00   -2.77480461E+00   -9.61389043E-01
     2.04408616E-01   -1.69960342E+00   -2.84810890E+00   -1.01800507E+00
     2.08796207E-01   -1.86017399E+00   -2.91669969E+00   -1.02477802E+00
     2.13715639E-01   -1.83240952E+00   -2.99290934E+00   -1.05664503E+00
     2.18405369E-01   -1.83942111E+00   -3.06510029E+00   -1.08274404E+00
     2.23009205E-01   -2.05721230E+00   -3.13916078E+00   -1.08395868E+00
     2.28340027E-01   -1.90927595E+00   -3.21763330E+00   -1.22795046E+00
     2.32984292E-01   -2.13586306E+00   -3.29427081E+00   -1.13534855E+00
     2.38369185E-01   -1.99814109E+00   -3.37566509E+00   -1.18201272E+00
     2.43119536E-01   -2.26304701E+00   -3.45461755E+00   -1.17757781E+00
     2.48730747E-01   -2.40977093E+00   -3.53747889E+00   -1.18579522E+00
     2.54746361E-01   -2.16302077E+00   -3.61865457E+00   -1.28312426E+00
     2.59745856E-01   -2.41749378E+00   -3.70315347E+00   -1.26821564E+00
     2.65533380E-01   -2.33987134E+00   -3.78650084E+00   -1.29949181E+00
     2.70922625E-01   -2.47579122E+00   -3.86898032E+00   -1.31254546E+00
     2.76664486E-01   -2.29109906E+00   -3.95977182E+00   -1.53639817E+00
     2.81652995E-01   -2.56075380E+00   -4.04605658E+00   -1.37006310E+00
     2.87445854E-01   -2.84693120E+00   -4.13729767E+00   -1.35816780E+00
     2.94071485E-01   -2.50389679E+00   -4.22479893E+00   -1.48416427E+00
     2.99425634E-01   -2.67637741E+00   -4.32049243E+00   -1.56386557E+00
     3.05232484E-01   -2.57647857E+00   -4.41121602E+00   -1.59078148E+00
     3.10597800E-01   -2.99104359E+00   -4.50645612E+00   -1.51698737E+00
     3.17178431E-01   -2.82837752E+00   -4.60099327E+00   -1.56218807E+00
     3.23110930E-01   -3.38336865E+00   -4.69723469E+00   -1.48587376E+00
     3.30659052E-01   -2.67600196E+00   -4.79271334E+00   -1.81566960E+00
     3.35868816E-01   -3.16488041E+00   -4.89437602E+00   -1.65238022E+00
     3.42472257E-01   -3.26620055E+00   -4.99067498E+00   -1.74175063E+00
     3.49252326E-01   -3.22430160E+00   -5.08858546E+00   -1.67185615E+00
     3.55773406E-01   -2.93402811E+00   -5.19447350E+00   -1.94778884E+00
     3.61306883E-01   -3.72787039E+00   -5.29540761E+00   -1.68598527E+00
     3.69062607E-01   -3.31808025E+00   -5.39787120E+00   -1.82155678E+00
     3.75480493E-01   -3.51619092E+00   -5.50569328E+00   -1.83808470E+00
     3.82344619E-01   -3.60132975E+00   -5.60848663E+00   -2.09556479E+00
     3.89319569E-01   -3.63930766E+00   -5.71073686E+00   -1.84903448E+00
     3.96269280E-01   -3.50615090E+00   -5.82013027E+00   -2.03374957E+00
     4.02718548E-01   -3.79374628E+00   -5.92802957E+00   -2.08697530E+00
     4.09839858E-01   -3.83647141E+00   -6.03559986E+00   -1.94832761E+00
     4.16944477E-01   -3.92585909E+00   -6.14871936E+00   -1.99959100E+00
     4.24156724E-01   -4.09889701E+00   -6.25943758E+00   -2.24353639E+00
     4.31695306E-01   -4.10315906E+00   -6.36156623E+00   -2.02858188E+00
     4.39104313E-01   -4.08003601E+00   -6.47525350E+00   -2.14204884E+00
     4.46313720E-01   -4.09214076E+00   -6.58777548E+00   -2.33874889E+00
     4.53417140E-01   -4.35285587E+00   -6.70022514E+00   -2.11104578E+00
     4.61048805E-01   -4.43766699E+00   -6.81615978E+00   -2.14647268E+00
     4.68747006E-01   -4.70665825E+00   -6.92860122E+00   -2.40833585E+00
     4.76966711E-01   -4.60953500E+00   -7.03405146E+00   -2.19500656E+00
     4.84787560E-01   -4.70224719E+00   -7.14945099E+00   -2.22540805E+00
     4.92679101E-01   -4.78917423E+00   -7.26412582E+00   -2.25241457E+00
     5.00620721E-01   -4.87709705E+00   -7.37810080E+00   -2.27553057E+00
     5.08609661E-01   -4.95230723E+00   -7.49513398E+00   -2.29857608E+00
     5.16612154E-01   -5.04866810E+00   -7.61135502E+00   -2.32698523E+00
     5.24672630E-01   -5.14541940E+00   -7.72636797E+00   -2.35479522E+00
     5.32784601E-01   -5.24121978E+00   -7.83995936E+00   -2.38137604E+00
     5.40938403E-01   -5.71317490E+00   -7.95216737E+00   -2.12879595E+00
     5.49956398E-01   -5.91275827E+00   -8.06313872E+00   -2.04321283E+00
     5.59210782E-01   -5.85462535E+00   -8.17534181E+00   -2.18443219E+00
     5.68137218E-01   -5.74064373E+00   -8.28434817E+00   -2.28273524E+00
     5.76624562E-01   -5.84224757E+00   -8.40404397E+00   -2.16275761E+00
     5.85128956E-01   -6.35975884E+00   -8.51424326E+00   -2.09148068E+00
     5.94488596E-01   -6.34529369E+00   -8.61518921E+00   -2.04309461E+00
     6.03599719E-01   -6.53220261E+00   -8.73340615E+00   -2.12843153E+00
     6.12861901E-01   -6.93532124E+00   -8.83338925E+00   -1.89457568E+00
     6.22680271E-01   -6.42840594E+00   -8.94405852E+00   -2.20884118E+00
     6.31304316E-01   -6.97871215E+00   -9.04294332E+00   -2.04332115E+00
     6.40740465E-01   -6.79725949E+00   -9.14745360E+00   -2.07399552E+00
     6.49615948E-01   -6.77299517E+00   -9.24411139E+00   -2.18437790E+00
     6.58230878E-01   -7.04214383E+00   -9.35454624E+00   -2.24140687E+00
     6.67107337E-01   -7.15163758E+00   -9.44671805E+00   -2.20185703E+00
     6.75958420E-01   -6.49607913E+00   -9.54183678E+00   -2.61530653E+00
     6.83494237E-01   -6.91111674E+00   -9.64022620E+00   -2.51122988E+00
     6.91541683E-01   -7.33024848E+00   -9.73263816E+00   -2.42828467E+00
     7.00086733E-01   -6.73660083E+00   -9.82490809E+00   -2.76613943E+00
     7.07492244E-01   -6.78521575E+00   -9.90262923E+00   -3.09271076E+00
     7.14811855E-01   -6.55960719E+00   -9.99882291E+00   -3.04300035E+00
     7.21627157E-01   -7.25955979E+00   -1.00838351E+01   -2.90129817E+00
     7.29364064E-01   -7.11576332E+00   -1.01748606E+01   -2.99051767E+00
     7.36728862E-01   -6.26590433E+00   -1.02556644E+01   -3.49405283E+00
     7.42696035E-01   -6.87668025E+00   -1.03514418E+01   -3.50504110E+00
     7.49430587E-01   -6.30860408E+00   -1.04281116E+01   -3.60302544E+00
     7.55224127E-01   -7.29653479E+00   -1.05098977E+01   -3.42762977E+00
     7.62296640E-01   -7.40701021E+00   -1.05915536E+01   -3.44546314E+00
     7.69391124E-01   -6.46316782E+00   -1.06738124E+01   -3.62044958E+00
     7.75066758E-01   -7.02075781E+00   -1.07488086E+01   -3.75068869E+00
     7.81390481E-01   -6.59350998E+00   -1.08355572E+01   -3.89871351E+00
     7.87033060E-01   -6.98988890E+00   -1.09073212E+01   -3.59706539E+00
     7.93093776E-01   -6.39575857E+00   -1.09761534E+01   -4.28331823E+00
     7.98280181E-01   -7.52251479E+00   -1.10554529E+01   -3.50714326E+00
     8.04811217E-01   -6.90601574E+00   -1.11393427E+01   -3.69113147E+00
     8.10454419E-01   -6.94149290E+00   -1.12055517E+01   -3.82988131E+00
     8.16043779E-01   -6.81717672E+00   -1.12870551E+01   -4.28377737E+00
     8.21384367E-01   -7.60760073E+00   -1.13569644E+01   -3.59558672E+00
     8.27585654E-01   -5.89218759E+00   -1.14222413E+01   -4.80958712E+00
     8.31640390E-01   -6.13032992E+00   -1.14901575E+01   -4.72049058E+00
     8.35905328E-01   -7.36409753E+00   -1.15619322E+01   -3.65381239E+00
     8.41525031E-01   -6.82655561E+00   -1.16291187E+01   -4.27830725E+00
     8.46434313E-01   -6.90461118E+00   -1.16954654E+01   -4.34968143E+00
     8.51345502E-01   -6.91677149E+00   -1.17610941E+01   -4.40630073E+00
     8.56182634E-01   -6.76944050E+00   -1.18275551E+01   -4.52162693E+00
     8.60770790E-01   -6.65939378E+00   -1.18966023E+01   -4.54862468E+00
     8.65154682E-01   -6.87185397E+00   -1.19659531E+01   -4.35707748E+00
     8.69677505E-01   -7.26107079E+00   -1.20359715E+01   -4.24374842E+00
     8.74510845E-01   -8.40573970E+00   -1.21018397E+01   -3.44682322E+00
     8.80402612E-01   -7.43750543E+00   -1.21660296E+01   -4.61914098E+00
     8.85184788E-01   -8.27330295E+00   -1.22233284E+01   -3.53972551E+00
     8.90647801E-01   -8.84448749E+00   -1.23005592E+01   -3.30988455E+00
     8.96472445E-01   -8.44881685E+00   -1.23503823E+01   -3.37171269E+00
     9.01698824E-01   -9.66828083E+00   -1.24230588E+01   -2.64890529E+00
     9.07661752E-01   -9.70912358E+00   -1.24861758E+01   -2.45921165E+00
     9.13003757E-01   -9.88423701E+00   -1.25766891E+01   -2.28049528E+00
     9.16970277E-01   -1.00158988E+01   -1.24995137E+01   -2.06701910E+00
     9.19113171E-01   -8.71593136E+00   -1.23264643E+01   -3.51741083E+00
     9.20166554E-01   -8.38062184E+00   -1.23623206E+01   -3.98169872E+00
     9.21116908E-01   -8.10651722E+00   -1.24016930E+01   -4.23877931E+00
     9.22018028E-01   -7.28032399E+00   -1.24706074E+01   -5.21393421E+00
     9.22791013E-01   -8.56001698E+00   -1.25234014E+01   -3.96338439E+00
     9.23809820E-01   -7.42518413E+00   -1.25834907E+01   -5.15830655E+00
     9.24658768E-01   -7.50210445E+00   -1.26518080E+01   -5.14970355E+00
     9.25560862E-01   -7.57925850E+00   -1.27300940E+01   -5.15083554E+00
     9.26527284E-01   -7.65924163E+00   -1.28204736E+01   -5.16123194E+00
     9.27572050E-01   -7.74470420E+00   -1.29257807E+01   -5.18107651E+00
     9.28713329E-01   -7.83887029E+00   -1.30502173E+01   -5.21134702E+00
     9.29975532E-01   -7.94602163E+00   -1.32000456E+01   -5.25402395E+00
     9.31392777E-01   -8.07216222E+00   -1.33845085E+01   -5.31238556E+00
     9.33014877E-01   -8.22572344E+00   -1.36171376E+01   -5.39141411E+00
     9.34918486E-01   -8.44457050E+00   -1.39207579E+01   -5.51541643E+00
     9.37240430E-01   -8.68638509E+00   -1.43032198E+01   -5.66816811E+00
     9.40196361E-01   -9.01605675E+00   -1.48857236E+01   -5.86966684E+00
     9.44264368E-01   -9.53041744E+00   -1.57221837E+01   -6.19176626E+00
     9.50805383E-01   -1.09181125E+01   -1.50492728E+01   -4.16703106E+00
     9.70445858E-01   -1.09751364E+01   -1.79942659E+01   -7.14536770E+00
     1.00000000E+00
