 299  -1
  0.582470016845D+00  5.574023737828D+06  1.996807461456D+10  1.114051757091D+33
  0.487257750325D+00  5.306330251826D+06  2.095290448879D+10  1.115465126165D+33
  0.408431891432D+00  5.055752720662D+06  2.197088114663D+10  1.116811191950D+33
  0.343066651275D+00  4.820892782789D+06  2.302243506559D+10  1.118093159364D+33
  0.288757659788D+00  4.600808625733D+06  2.410791785676D+10  1.119314080711D+33
  0.243557264050D+00  4.394317607821D+06  2.522760641399D+10  1.120476862946D+33
  0.205872114533D+00  4.200306186390D+06  2.638167803106D+10  1.121584274599D+33
  0.174393940556D+00  4.017709273927D+06  2.757021760181D+10  1.122638952363D+33
  0.148069863855D+00  3.845555730454D+06  2.879314901943D+10  1.123643407377D+33
  0.126019262302D+00  3.682926899901D+06  3.005019704159D+10  1.124600031199D+33
  0.107503942193D+00  3.529132544888D+06  3.134099795100D+10  1.125511101506D+33
  9.194042725056D-02  3.383449715968D+06  3.266502936655D+10  1.126378787513D+33
  7.883183076532D-02  3.245260200597D+06  3.402155487980D+10  1.127205155138D+33
  6.776351511090D-02  3.114042808848D+06  3.540975866848D+10  1.127992171925D+33
  5.840855912281D-02  2.989022076874D+06  3.682863299580D+10  1.128741711721D+33
  5.048973396860D-02  2.869618012449D+06  3.827685971853D+10  1.129455559146D+33
  4.376354843910D-02  2.755486976751D+06  3.975305467539D+10  1.130135413837D+33
  3.804044508382D-02  2.646425974190D+06  4.125579485672D+10  1.130782894494D+33
  3.315521833920D-02  2.542209047236D+06  4.278359970740D+10  1.131399542740D+33
  2.897350713190D-02  2.442585972817D+06  4.433505261674D+10  1.131986826783D+33
  2.538528476202D-02  2.347464744657D+06  4.590873252148D+10  1.132546144919D+33
  2.229365038876D-02  2.256669729457D+06  4.750336452606D+10  1.133078828859D+33
  1.962678139315D-02  2.169965453684D+06  4.911770566646D+10  1.133586146897D+33
  1.731572984552D-02  2.087262714335D+06  5.075060787252D+10  1.134069306932D+33
  1.531029556361D-02  2.008380154405D+06  5.240105788726D+10  1.134529459347D+33
  1.356280235737D-02  1.933301340257D+06  5.406814962454D+10  1.134967699743D+33
  1.203520215551D-02  1.862094907516D+06  5.575129446879D+10  1.135385071548D+33
  1.069623878400D-02  1.794596266835D+06  5.745009827197D+10  1.135782568505D+33
  9.520005580251D-03  1.730618668681D+06  5.916428628493D+10  1.136161137035D+33
  8.484835478357D-03  1.669942810990D+06  6.089363631998D+10  1.136521678493D+33
  7.572403797126D-03  1.612322733814D+06  6.263792582629D+10  1.136865051310D+33
  6.766469501659D-03  1.557603761560D+06  6.439697244862D+10  1.137192073040D+33
  6.053516643012D-03  1.505639482036D+06  6.617064712987D+10  1.137503522308D+33
  5.421700072704D-03  1.456237421442D+06  6.795885611272D+10  1.137800140657D+33
  4.861426399329D-03  1.409208251272D+06  6.976146516589D+10  1.138082634323D+33
  4.363471125969D-03  1.364417506163D+06  7.157835706395D+10  1.138351675910D+33
  3.920751301154D-03  1.321732069191D+06  7.340941264618D+10  1.138607905993D+33
  3.526219323668D-03  1.280989336341D+06  7.525452771301D+10  1.138851934643D+33
  3.174770111659D-03  1.242082850108D+06  7.711354868723D+10  1.139084342882D+33
  2.860711802023D-03  1.204898082103D+06  7.898635919887D+10  1.139305684061D+33
  2.580433679181D-03  1.169311923012D+06  8.087279927486D+10  1.139516485184D+33
  2.329501976467D-03  1.135230142626D+06  8.277267393288D+10  1.139717248159D+33
  2.104990533069D-03  1.102543178993D+06  8.468582443320D+10  1.139908450991D+33
  1.903722519793D-03  1.071195653986D+06  8.661201345966D+10  1.140090548927D+33
  1.723134651189D-03  1.041101684997D+06  8.855107861229D+10  1.140263975533D+33
  1.561058322858D-03  1.012189597131D+06  9.050277385089D+10  1.140429143729D+33
  1.415183406095D-03  9.844213150423D+05  9.246696480529D+10  1.140586446773D+33
  1.283971886564D-03  9.577918876329D+05  9.444355287799D+10  1.140736259196D+33
  1.165573607097D-03  9.322520856490D+05  9.643251721240D+10  1.140878937693D+33
  1.058830024669D-03  9.077527844079D+05  9.843390079467D+10  1.141014821977D+33
  9.624444227408D-04  8.842440247893D+05  1.004476582227D+11  1.141144235580D+33
  8.753368003699D-04  8.616545879485D+05  1.024738265774D+11  1.141267486631D+33
  7.966674863118D-04  8.399431171336D+05  1.045123145648D+11  1.141384868584D+33
  7.253701426296D-04  8.190712112674D+05  1.065631599784D+11  1.141496660921D+33
  6.609072700434D-04  7.989820315779D+05  1.086263742626D+11  1.141603129812D+33
  6.025023607209D-04  7.796355566714D+05  1.107018048033D+11  1.141704528757D+33
  5.495521691973D-04  7.609901675952D+05  1.127894269747D+11  1.141801099180D+33
  5.016043239013D-04  7.429996169253D+05  1.148890322555D+11  1.141893071012D+33
  4.580225827180D-04  7.256287306460D+05  1.170005283902D+11  1.141980663233D+33
  4.185202752455D-04  7.088417700374D+05  1.191237904164D+11  1.142064084396D+33
  3.826255639604D-04  6.926212605406D+05  1.212585377832D+11  1.142143533122D+33
  3.499921899609D-04  6.769394450971D+05  1.234046550648D+11  1.142219198576D+33
  3.203550183739D-04  6.617768252942D+05  1.255618536400D+11  1.142291260912D+33
  2.933402338124D-04  6.471027487424D+05  1.277299730037D+11  1.142359891709D+33
  2.687776526221D-04  6.328895823653D+05  1.299088473774D+11  1.142425254373D+33
  2.464167648343D-04  6.191225820849D+05  1.320980707781D+11  1.142487504529D+33
  2.260102774475D-04  6.057762423384D+05  1.342974716335D+11  1.142546790392D+33
  2.074364426664D-04  5.928248091838D+05  1.365067484227D+11  1.142603253118D+33
  1.904839954140D-04  5.802555176988D+05  1.387254935304D+11  1.142657027143D+33
  1.750071647825D-04  5.680583995088D+05  1.409534732197D+11  1.142708240501D+33
  1.608918374151D-04  5.562227030739D+05  1.431902725869D+11  1.142757015127D+33
  1.479697457035D-04  5.447310234387D+05  1.454356242818D+11  1.142803467152D+33
  1.361710845487D-04  5.335648390131D+05  1.476892631497D+11  1.142847707175D+33
  1.253923778621D-04  5.227101535579D+05  1.499506171968D+11  1.142889840531D+33
  1.155040254995D-04  5.121570131407D+05  1.522194481561D+11  1.142929967537D+33
  1.064654497688D-04  5.018985821169D+05  1.544954711857D+11  1.142968183733D+33
  9.819294657120D-05  4.919138208102D+05  1.567780757917D+11  1.143004580109D+33
  9.059998364258D-05  4.821800251759D+05  1.590669277396D+11  1.143039243326D+33
  8.368128266201D-05  4.726923424447D+05  1.613611773359D+11  1.143072255912D+33
  7.774120686887D-05  4.634194125027D+05  1.636538604962D+11  1.143103696471D+33
  7.152611305359D-05  4.543552924625D+05  1.659503238102D+11  1.143133639861D+33
  6.617387992163D-05  4.455153598646D+05  1.682560406604D+11  1.143162157374D+33
  6.124044185995D-05  4.368749926803D+05  1.705650099816D+11  1.143189316911D+33
  5.670100040440D-05  4.284324508864D+05  1.728771283807D+11  1.143215183137D+33
  5.253609080472D-05  4.201828972952D+05  1.751917891953D+11  1.143239817637D+33
  4.870316459648D-05  4.121123329281D+05  1.775082974441D+11  1.143263279066D+33
  4.517088698622D-05  4.042136522379D+05  1.798262520082D+11  1.143285623285D+33
  4.192410558865D-05  3.964888802405D+05  1.821450542851D+11  1.143306903492D+33
  3.893088286534D-05  3.889456406361D+05  1.844640402748D+11  1.143327170357D+33
  3.616333914023D-05  3.815882843604D+05  1.867829654116D+11  1.143346472133D+33
  3.361364873869D-05  3.744096291370D+05  1.891014474600D+11  1.143364854776D+33
  3.126047872832D-05  3.674028567049D+05  1.914188611905D+11  1.143382362056D+33
  2.907916249269D-05  3.605621393343D+05  1.937350182934D+11  1.143399035656D+33
  2.706688740588D-05  3.538858415218D+05  1.960496198793D+11  1.143414915274D+33
  2.520822452906D-05  3.473717227171D+05  1.983619860244D+11  1.143430038721D+33
  2.348104147531D-05  3.410109805397D+05  2.006719606229D+11  1.143444442003D+33
  2.188486548698D-05  3.348008792076D+05  2.029793655018D+11  1.143458159415D+33
  2.040877666421D-05  3.287378235513D+05  2.052835508080D+11  1.143471223616D+33
  1.903722202582D-05  3.228177735761D+05  2.075842291490D+11  1.143483665713D+33
  1.776508780570D-05  3.170361090279D+05  2.098812872407D+11  1.143495515329D+33
  1.658774041967D-05  3.113866450657D+05  2.121742275459D+11  1.143506800677D+33
  1.549459823092D-05  3.058660403424D+05  2.144625611305D+11  1.143517548628D+33
  1.447695222977D-05  3.004713113428D+05  2.167461942167D+11  1.143527784772D+33
  1.353371570040D-05  2.951997254480D+05  2.190248406817D+11  1.143537533481D+33
  1.265905927325D-05  2.900444014174D+05  2.212978435447D+11  1.143546817965D+33
  1.184208101985D-05  2.850027683260D+05  2.235650688042D+11  1.143555660331D+33
  1.108362496011D-05  2.800711479446D+05  2.258264187858D+11  1.143564081631D+33
  1.037953869508D-05  2.752466943510D+05  2.280812704760D+11  1.143572101918D+33
  9.723088778189D-06  2.705283810996D+05  2.303292544959D+11  1.143579740286D+33
  9.110547696506D-06  2.659118268668D+05  2.325703280671D+11  1.143587014922D+33
  8.541425367583D-06  2.613925071727D+05  2.348041436115D+11  1.143593943147D+33
  8.012165592175D-06  2.569672265745D+05  2.370300474253D+11  1.143600541457D+33
  7.516315767791D-06  2.526348230063D+05  2.392479239255D+11  1.143606825561D+33
  7.054545935603D-06  2.483911299227D+05  2.414577138081D+11  1.143612810423D+33
  6.625084655712D-06  2.442241954194D+05  2.436587886153D+11  1.143618510290D+33
  6.224601527558D-06  2.401320900008D+05  2.458505553317D+11  1.143623938736D+33
  5.849205426378D-06  2.361142294535D+05  2.480329089223D+11  1.143629108684D+33
  5.499765153178D-06  2.321663190257D+05  2.502055799793D+11  1.143634032444D+33
  5.174210848319D-06  2.282871870202D+05  2.523678335263D+11  1.143638721740D+33
  4.869410374119D-06  2.244756115589D+05  2.545192656259D+11  1.143643187735D+33
  4.584015388858D-06  2.207296468852D+05  2.566597581235D+11  1.143647441065D+33
  4.317741319692D-06  2.170468829975D+05  2.587889241260D+11  1.143651491854D+33
  4.069379241987D-06  2.134248498706D+05  2.609060810573D+11  1.143655349749D+33
  3.836073305802D-06  2.098639681822D+05  2.630109281616D+11  1.143659023935D+33
  3.617514690396D-06  2.063624860713D+05  2.651033982467D+11  1.143662523159D+33
  3.413291401299D-06  2.029194957715D+05  2.671830560926D+11  1.143665855754D+33
  3.222388948531D-06  1.995344339819D+05  2.692492914328D+11  1.143669029654D+33
  3.042749320955D-06  1.962022764578D+05  2.713018721598D+11  1.143672052415D+33
  2.874333960359D-06  1.929192920990D+05  2.733407057540D+11  1.143674931236D+33
  2.716830579368D-06  1.896826646999D+05  2.753653009760D+11  1.143677672970D+33
  2.569439317728D-06  1.864922770039D+05  2.773750214088D+11  1.143680284145D+33
  2.430586684979D-06  1.833491052665D+05  2.793696047802D+11  1.143682770979D+33
  2.300042874172D-06  1.802530512665D+05  2.813490169180D+11  1.143685139391D+33
  2.177768303250D-06  1.772017227112D+05  2.833128739305D+11  1.143687395023D+33
  2.063089708780D-06  1.741945894406D+05  2.852606247132D+11  1.143689543243D+33
  1.955109668415D-06  1.712320677194D+05  2.871919639319D+11  1.143691589167D+33
  1.853142264563D-06  1.683122312372D+05  2.891069134485D+11  1.143693537666D+33
  1.757447297867D-06  1.654356776647D+05  2.910052980166D+11  1.143695393380D+33
  1.667546345025D-06  1.626024324700D+05  2.928866479142D+11  1.143697160726D+33
  1.582994922623D-06  1.598122079403D+05  2.947505720469D+11  1.143698843912D+33
  1.502659368668D-06  1.570689688318D+05  2.965972022659D+11  1.143700446947D+33
  1.426991430172D-06  1.543766343552D+05  2.984267213079D+11  1.143701973647D+33
  1.355685754367D-06  1.517363914442D+05  3.002388905716D+11  1.143703427648D+33
  1.288385922758D-06  1.491499088719D+05  3.020335411176D+11  1.143704812409D+33
  1.224497270178D-06  1.466163748107D+05  3.038108168911D+11  1.143706131230D+33
  1.163929536037D-06  1.441341545272D+05  3.055710416668D+11  1.143707387250D+33
  1.106730567962D-06  1.417034431646D+05  3.073142828644D+11  1.143708583460D+33
  1.052666657724D-06  1.393230714638D+05  3.090404511621D+11  1.143709722707D+33
  1.001514628995D-06  1.369932929601D+05  3.107495161055D+11  1.143710807704D+33
  9.526816009333D-07  1.347138230133D+05  3.124418521508D+11  1.143711841035D+33
  9.064533179108D-07  1.324836831187D+05  3.141178413282D+11  1.143712825159D+33
  8.627167841028D-07  1.303019243579D+05  3.157774661092D+11  1.143713762420D+33
  8.212967378206D-07  1.281676353715D+05  3.174207052323D+11  1.143714655050D+33
  7.819227250302D-07  1.260787595385D+05  3.190477110885D+11  1.143715505174D+33
  7.443581099971D-07  1.240361852147D+05  3.206589153190D+11  1.143716314816D+33
  7.087606361016D-07  1.220414909782D+05  3.222546108325D+11  1.143717085903D+33
  6.749978522765D-07  1.200933000026D+05  3.238348408930D+11  1.143717820272D+33
  6.429562936754D-07  1.181906914827D+05  3.253996888808D+11  1.143718519671D+33
  6.123481634369D-07  1.163325848837D+05  3.269494953595D+11  1.143719185765D+33
  5.831938039850D-07  1.145181039192D+05  3.284847282925D+11  1.143719820140D+33
  5.555354536505D-07  1.127459500801D+05  3.300055831508D+11  1.143720424307D+33
  5.292712579918D-07  1.110140853318D+05  3.315121263154D+11  1.143720999704D+33
  5.043342299079D-07  1.093211835149D+05  3.330044405282D+11  1.143721547702D+33
  4.804379399333D-07  1.076671160603D+05  3.344829243075D+11  1.143722069604D+33
  4.577276482111D-07  1.060499318720D+05  3.359480028019D+11  1.143722566654D+33
  4.361635074113D-07  1.044690078515D+05  3.373997627987D+11  1.143723040034D+33
  4.156765660104D-07  1.029228621228D+05  3.388382665230D+11  1.143723490873D+33
  3.961967835976D-07  1.014100475099D+05  3.402636120732D+11  1.143723920243D+33
  3.775218644207D-07  9.993005390576D+04  3.416761982001D+11  1.143724329167D+33
  3.597855706924D-07  9.848269193234D+04  3.430763786179D+11  1.143724718619D+33
  3.429247563618D-07  9.706927494525D+04  3.444642109094D+11  1.143725089525D+33
  3.268914482464D-07  9.568829188055D+04  3.458397840016D+11  1.143725442769D+33
  3.115892023515D-07  9.433906647796D+04  3.472033077483D+11  1.143725779192D+33
  2.969403412441D-07  9.302083063210D+04  3.485552050141D+11  1.143726099594D+33
  2.830157977924D-07  9.173167641051D+04  3.498957625668D+11  1.143726404740D+33
  2.697807009618D-07  9.047122542054D+04  3.512250273398D+11  1.143726695355D+33
  2.571925795750D-07  8.923847540590D+04  3.525430560321D+11  1.143726972130D+33
  2.451555601980D-07  8.803246092807D+04  3.538500875917D+11  1.143727235727D+33
  2.336498085897D-07  8.685235887888D+04  3.551465134955D+11  1.143727486770D+33
  2.227199572229D-07  8.569690524103D+04  3.564325158887D+11  1.143727725860D+33
  2.123281369001D-07  8.456500258157D+04  3.577081033534D+11  1.143727953564D+33
  2.024464720350D-07  8.345629025366D+04  3.589733075147D+11  1.143728170425D+33
  1.929764187070D-07  8.237032438041D+04  3.602283936286D+11  1.143728376960D+33
  1.839461771897D-07  8.130601772764D+04  3.614737089138D+11  1.143728573659D+33
  1.753653492050D-07  8.026273485304D+04  3.627093419826D+11  1.143728760992D+33
  1.672068255504D-07  7.923995336803D+04  3.639352876142D+11  1.143728939404D+33
  1.594497958111D-07  7.823689436978D+04  3.651515505564D+11  1.143729109320D+33
  1.520017693751D-07  7.725158826338D+04  3.663584150652D+11  1.143729271146D+33
  1.449194843144D-07  7.628312876542D+04  3.675561681428D+11  1.143729425265D+33
  1.381902923163D-07  7.533168816673D+04  3.687447905602D+11  1.143729572045D+33
  1.317961168852D-07  7.439666845246D+04  3.699242356410D+11  1.143729711836D+33
  1.257155365869D-07  7.347740574461D+04  3.710944736252D+11  1.143729844969D+33
  1.198716144313D-07  7.257294510796D+04  3.722557858490D+11  1.143729971764D+33
  1.143205540167D-07  7.168300534231D+04  3.734084226902D+11  1.143730092520D+33
  1.090472511467D-07  7.080748655902D+04  3.745523096277D+11  1.143730207526D+33
  1.040367274145D-07  6.994594702910D+04  3.756873733446D+11  1.143730317056D+33
  9.926390761318D-08  6.909817422634D+04  3.768136070944D+11  1.143730421370D+33
  9.467945224046D-08  6.826338088496D+04  3.779312888174D+11  1.143730520716D+33
  9.032667012772D-08  6.744140159694D+04  3.790406105068D+11  1.143730615332D+33
  8.619087758188D-08  6.663197067038D+04  3.801414731522D+11  1.143730705442D+33
  8.225944089006D-08  6.583457348894D+04  3.812338020191D+11  1.143730791262D+33
  7.851186400348D-08  6.504884696102D+04  3.823175993704D+11  1.143730872994D+33
  7.491367089577D-08  6.427495963988D+04  3.833931179829D+11  1.143730950835D+33
  7.149701268783D-08  6.351230962229D+04  3.844605126456D+11  1.143731024969D+33
  6.825253701047D-08  6.275871200019D+04  3.855196561650D+11  1.143731095573D+33
  6.517530106839D-08  6.201079024780D+04  3.865703866176D+11  1.143731162814D+33
  6.224732055989D-08  6.126627595148D+04  3.876125836934D+11  1.143731226854D+33
  5.944702166331D-08  6.052472909959D+04  3.886463227839D+11  1.143731287844D+33
  5.679550024190D-08  5.978520076005D+04  3.896715602718D+11  1.143731345930D+33
  5.428602883638D-08  5.904714824327D+04  3.906879986294D+11  1.143731401250D+33
  5.190791835523D-08  5.831074621499D+04  3.916953535851D+11  1.143731453936D+33
  4.964911489326D-08  5.757546679120D+04  3.926934171697D+11  1.143731504113D+33
  4.748585944221D-08  5.684051994022D+04  3.936822117566D+11  1.143731551900D+33
  4.543931618300D-08  5.610581967700D+04  3.946616696446D+11  1.143731597412D+33
  4.350291145479D-08  5.537077819973D+04  3.956314534385D+11  1.143731640756D+33
  4.167010380959D-08  5.463535080133D+04  3.965912331596D+11  1.143731682037D+33
  3.993425916870D-08  5.389921878687D+04  3.975406968134D+11  1.143731721352D+33
  3.826922296710D-08  5.316238610731D+04  3.984797997458D+11  1.143731758794D+33
  3.669292723283D-08  5.242464116094D+04  3.994084889646D+11  1.143731794454D+33
  3.520242084367D-08  5.168524555002D+04  4.003264249326D+11  1.143731828416D+33
  3.379333812014D-08  5.094400315827D+04  4.012332423247D+11  1.143731860760D+33
  3.246026789220D-08  5.020088220548D+04  4.021285881528D+11  1.143731891564D+33
  3.119211917493D-08  4.945702108226D+04  4.030122249279D+11  1.143731920902D+33
  2.998150657593D-08  4.871350117572D+04  4.038840760285D+11  1.143731948842D+33
  2.883600751481D-08  4.797036803335D+04  4.047439733016D+11  1.143731975452D+33
  2.775208850891D-08  4.722806645666D+04  4.055916004144D+11  1.143732000794D+33
  2.672465724082D-08  4.648737104490D+04  4.064266765340D+11  1.143732024930D+33
  2.575076230190D-08  4.574833608241D+04  4.072489559607D+11  1.143732047917D+33
  2.482275295585D-08  4.501132175775D+04  4.080582788834D+11  1.143732069809D+33
  2.393358898846D-08  4.427678364746D+04  4.088546490599D+11  1.143732090658D+33
  2.308817869392D-08  4.354511459300D+04  4.096380399846D+11  1.143732110515D+33
  2.228327250468D-08  4.281675655645D+04  4.104083351687D+11  1.143732129426D+33
  2.151438733047D-08  4.209202437198D+04  4.111654860300D+11  1.143732147437D+33
  2.077785940276D-08  4.137200336198D+04  4.119095271608D+11  1.143732164590D+33
  2.007020034954D-08  4.065767357749D+04  4.126405673159D+11  1.143732180926D+33
  1.938157826861D-08  3.994952452659D+04  4.133589100078D+11  1.143732196484D+33
  1.871424059089D-08  3.925161213724D+04  4.140649596179D+11  1.143732211301D+33
  1.806580154301D-08  3.856904127443D+04  4.147590926756D+11  1.143732225413D+33
  1.743490332527D-08  3.790303833448D+04  4.154417260347D+11  1.143732238853D+33
  1.682095282712D-08  3.725360715155D+04  4.161132866605D+11  1.143732251653D+33
  1.622418613990D-08  3.662052628231D+04  4.167741824325D+11  1.143732263843D+33
  1.564132547284D-08  3.600383334630D+04  4.174248581435D+11  1.143732275453D+33
  1.507122380882D-08  3.540317418513D+04  4.180658280920D+11  1.143732286510D+33
  1.451905892464D-08  3.481771456190D+04  4.186975027647D+11  1.143732297040D+33
  1.398434252721D-08  3.424678692797D+04  4.193201698856D+11  1.143732307069D+33
  1.346710352465D-08  3.368964160355D+04  4.199340982221D+11  1.143732316620D+33
  1.296678970670D-08  3.314584067915D+04  4.205395391406D+11  1.143732325717D+33
  1.248196385000D-08  3.261483464940D+04  4.211367609607D+11  1.143732334380D+33
  1.200963569939D-08  3.209564147644D+04  4.217261109712D+11  1.143732342631D+33
  1.155448637821D-08  3.158704298205D+04  4.223078711252D+11  1.143732350489D+33
  1.111626052317D-08  3.108758461368D+04  4.228821875499D+11  1.143732357973D+33
  1.069455550180D-08  3.059591465531D+04  4.234491883838D+11  1.143732365100D+33
  1.028899118791D-08  3.011138532212D+04  4.240089867918D+11  1.143732371888D+33
  9.898101132041D-09  2.963336215473D+04  4.245617105324D+11  1.143732378353D+33
  9.519713566981D-09  2.916111390799D+04  4.251075552758D+11  1.143732384510D+33
  9.156453587621D-09  2.869409704280D+04  4.256466731868D+11  1.143732390374D+33
  8.807934606391D-09  2.823164486704D+04  4.261791198464D+11  1.143732395958D+33
  8.473496143919D-09  2.777357592175D+04  4.267049443164D+11  1.143732401277D+33
  8.152337311800D-09  2.731951785157D+04  4.272242030819D+11  1.143732406342D+33
  7.843349623314D-09  2.686880055686D+04  4.277369769724D+11  1.143732411166D+33
  7.545117380768D-09  2.642065623356D+04  4.282433955567D+11  1.143732415760D+33
  7.259717536412D-09  2.597395913644D+04  4.287435345431D+11  1.143732420136D+33
  6.986917772408D-09  2.552722485310D+04  4.292373731661D+11  1.143732424303D+33
  6.726563184652D-09  2.507869017541D+04  4.297248640716D+11  1.143732428272D+33
  6.478843372906D-09  2.462578528713D+04  4.302059172091D+11  1.143732432052D+33
  6.243270118993D-09  2.416564741395D+04  4.306804107899D+11  1.143732435652D+33
  6.019451725474D-09  2.369539810584D+04  4.311482125716D+11  1.143732439080D+33
  5.809480960925D-09  2.321107820675D+04  4.316090800755D+11  1.143732442345D+33
  5.614135965748D-09  2.270768139997D+04  4.320626099547D+11  1.143732445455D+33
  5.434586473709D-09  2.217912872540D+04  4.325082675769D+11  1.143732448417D+33
  5.272515459206D-09  2.161735827251D+04  4.329453494492D+11  1.143732451237D+33
  5.131605005113D-09  2.100939694557D+04  4.333728831525D+11  1.143732453923D+33
  5.018602265713D-09  2.033295869072D+04  4.337894322582D+11  1.143732456482D+33
  4.948064987808D-09  1.954699819079D+04  4.341926999328D+11  1.143732458918D+33
  4.957425734294D-09  1.856294877223D+04  4.345784936945D+11  1.143732461239D+33
  5.160037605163D-09  1.712803296972D+04  4.349379180747D+11  1.143732463449D+33
  6.244981911393D-09  1.395443253455D+04  4.352443384700D+11  1.143732465553D+33
  1.943005806031D-08  7.834984068788D+03  4.354214187984D+11  1.143732467558D+33
  2.129092237004D-08  6.799822865879D+03  4.355012635720D+11  1.143732469513D+33
  2.134647997366D-08  6.355371604672D+03  4.355754369067D+11  1.143732471421D+33
  2.080423235071D-08  6.084850015710D+03  4.356486109364D+11  1.143732473283D+33
  1.995891130609D-08  5.896658959505D+03  4.357224176649D+11  1.143732475099D+33
  1.893746400990D-08  5.755583848911D+03  4.357978685968D+11  1.143732476870D+33
  1.780572594378D-08  5.644854869413D+03  4.358757812615D+11  1.143732478599D+33
  1.660254016636D-08  5.555438984158D+03  4.359569401639D+11  1.143732480285D+33
  1.535311674821D-08  5.481770310628D+03  4.360421857742D+11  1.143732481930D+33
  1.407550192325D-08  5.420129810880D+03  4.361324846669D+11  1.143732483536D+33
  1.278293877166D-08  5.367924998594D+03  4.362290060135D+11  1.143732485101D+33
  1.148506893416D-08  5.323307602732D+03  4.363332266468D+11  1.143732486629D+33
  1.018892195795D-08  5.284971055251D+03  4.364470902676D+11  1.143732488120D+33
  8.899990631056D-09  5.251932608228D+03  4.365732630438D+11  1.143732489574D+33
  7.623005728483D-09  5.223452485258D+03  4.367155711604D+11  1.143732490992D+33
  6.361291677584D-09  5.199008392307D+03  4.368798282273D+11  1.143732492376D+33
  5.117953782265D-09  5.178202122650D+03  4.370755512379D+11  1.143732493727D+33
  3.895530156746D-09  5.160779093041D+03  4.373200523183D+11  1.143732495044D+33
  2.696474638143D-09  5.146630791405D+03  4.376505257240D+11  1.143732496329D+33
  1.523541660257D-09  5.135906904057D+03  4.381765093247D+11  1.143732497583D+33
  3.812162630920D-10  5.129468133048D+03  4.397973114278D+11  1.143732498807D+33
