     0.00000000E+00   -3.43683280E-05   -5.69840743E-05   -2.27529968E-05
     1.55389668E-06   -4.42454274E-05   -6.98175163E-05   -2.59138192E-05
     3.29038384E-06   -4.64308737E-05   -8.39590521E-05   -3.38832671E-05
     4.87220787E-06   -6.04554486E-05   -9.95951615E-05   -3.95763260E-05
     6.82849916E-06   -7.25019433E-05   -1.17141055E-04   -4.53641311E-05
     9.01804983E-06   -7.60352164E-05   -1.36306646E-04   -5.48343367E-05
     1.10512699E-05   -9.61070607E-05   -1.57916453E-04   -6.27704628E-05
     1.36283078E-05   -1.10832202E-04   -1.81945297E-04   -7.22214165E-05
     1.64513072E-05   -1.24731818E-04   -2.08213695E-04   -8.24092156E-05
     1.94497692E-05   -1.51177711E-04   -2.37383340E-04   -8.77174061E-05
     2.30883208E-05   -1.64464692E-04   -2.69557695E-04   -1.06737649E-04
     2.67635020E-05   -1.76703098E-04   -3.04332552E-04   -1.21799231E-04
     3.04278183E-05   -2.09658505E-04   -3.43526881E-04   -1.35964961E-04
     3.48555759E-05   -2.26053261E-04   -3.86373020E-04   -1.47268206E-04
     3.93251922E-05   -2.64698800E-04   -4.33203213E-04   -1.71151401E-04
     4.46321782E-05   -2.95867073E-04   -4.85143671E-04   -1.91071844E-04
     5.03879823E-05   -3.30792841E-04   -5.40763095E-04   -2.13278182E-04
     5.66558777E-05   -3.64512929E-04   -6.02679499E-04   -2.37547367E-04
     6.33179474E-05   -4.17342756E-04   -6.68762133E-04   -2.55592805E-04
     7.09564131E-05   -4.39208509E-04   -7.42068391E-04   -2.94369650E-04
     7.84113980E-05   -5.02819878E-04   -8.20244060E-04   -3.22452381E-04
     8.70507803E-05   -5.56379217E-04   -9.07132325E-04   -3.56341606E-04
     9.63917703E-05   -6.13046659E-04   -9.99057111E-04   -3.92140919E-04
     1.06432039E-04   -6.31367016E-04   -1.10100540E-03   -4.38664487E-04
     1.15909736E-04   -7.43113236E-04   -1.20985543E-03   -4.74173324E-04
     1.27673927E-04   -8.29248718E-04   -1.33038160E-03   -4.82243976E-04
     1.40682051E-04   -9.00304818E-04   -1.45719284E-03   -5.65891072E-04
     1.54344584E-04   -9.15174227E-04   -1.59766023E-03   -6.34330965E-04
     1.67005848E-04   -1.11954063E-03   -1.74671722E-03   -6.38372004E-04
     1.83991223E-04   -1.07775311E-03   -1.90792251E-03   -7.61545093E-04
     1.98153988E-04   -1.28543282E-03   -2.08523708E-03   -8.12658591E-04
     2.16418613E-04   -1.40174036E-03   -2.27292588E-03   -8.85202920E-04
     2.35943743E-04   -1.51630601E-03   -2.48042913E-03   -9.66740340E-04
     2.56543447E-04   -1.74535127E-03   -2.69836996E-03   -9.70472207E-04
     2.80964936E-04   -1.68275857E-03   -2.93767896E-03   -1.16300028E-03
     3.01620200E-04   -1.97304531E-03   -3.19096975E-03   -1.23773476E-03
     3.27443350E-04   -1.95050829E-03   -3.46256504E-03   -1.37275461E-03
     3.50456034E-04   -2.30482311E-03   -3.76529725E-03   -1.46134730E-03
     3.79758774E-04   -2.52909730E-03   -4.08174322E-03   -1.57793689E-03
     4.11721676E-04   -2.68451318E-03   -4.42822132E-03   -1.73053912E-03
     4.44520015E-04   -2.98125246E-03   -4.79679729E-03   -1.85196326E-03
     4.81218801E-04   -3.22334301E-03   -5.18812280E-03   -2.00032590E-03
     5.20240725E-04   -3.09187476E-03   -5.61591045E-03   -2.21805091E-03
     5.53296599E-04   -3.78030814E-03   -6.07400410E-03   -2.33149905E-03
     5.98380269E-04   -3.78091712E-03   -6.56505835E-03   -2.57670396E-03
     6.39967936E-04   -4.43394307E-03   -7.09885050E-03   -2.72812613E-03
     6.91839936E-04   -4.77436324E-03   -7.65900581E-03   -2.93238621E-03
     7.46711057E-04   -4.87097887E-03   -8.25975568E-03   -3.21381702E-03
     7.99428992E-04   -5.58362573E-03   -8.91528823E-03   -3.41837835E-03
     8.62354871E-04   -6.00647246E-03   -9.60540431E-03   -3.66459816E-03
     9.28964478E-04   -6.48251723E-03   -1.03367497E-02   -3.95128172E-03
     9.99969576E-04   -6.72185801E-03   -1.11336200E-02   -4.30515813E-03
     1.07051944E-03   -7.52185071E-03   -1.19800681E-02   -4.55715803E-03
     1.15114102E-03   -8.08555926E-03   -1.28715002E-02   -4.88961438E-03
     1.23665301E-03   -8.72679631E-03   -1.38330770E-02   -5.27053833E-03
     1.32807596E-03   -8.68723235E-03   -1.48637506E-02   -6.30812529E-03
     1.41269083E-03   -9.96047285E-03   -1.59485576E-02   -6.03659937E-03
     1.51435747E-03   -1.08296016E-02   -1.71085101E-02   -6.49550054E-03
     1.62466231E-03   -1.15784245E-02   -1.83597813E-02   -6.97736598E-03
     1.74085571E-03   -1.18179905E-02   -1.96727358E-02   -7.49980657E-03
     1.85376816E-03   -1.32645537E-02   -2.10620301E-02   -7.96585351E-03
     1.98405443E-03   -1.30422035E-02   -2.25721949E-02   -9.05469216E-03
     2.10253471E-03   -1.53395048E-02   -2.41286307E-02   -9.07991649E-03
     2.25167301E-03   -1.64141698E-02   -2.58355244E-02   -9.68525998E-03
     2.40928507E-03   -1.71140311E-02   -2.76170135E-02   -1.03732179E-02
     2.56870970E-03   -1.88215438E-02   -2.95062025E-02   -1.10610896E-02
     2.74586220E-03   -1.82017271E-02   -3.15422488E-02   -1.20677246E-02
     2.90281787E-03   -2.14910323E-02   -3.36405957E-02   -1.25793841E-02
     3.10183583E-03   -2.05961560E-02   -3.59318406E-02   -1.55797011E-02
     3.27558648E-03   -2.27716593E-02   -3.82945578E-02   -1.45478451E-02
     3.47249721E-03   -2.62136822E-02   -4.08891875E-02   -1.51997790E-02
     3.71001237E-03   -2.37393936E-02   -4.35680649E-02   -1.67062839E-02
     3.89742445E-03   -2.96032210E-02   -4.64544773E-02   -1.74433207E-02
     4.16058300E-03   -2.85022545E-02   -4.94995108E-02   -1.87485015E-02
     4.39326053E-03   -3.35888795E-02   -5.26959852E-02   -1.95246206E-02
     4.68627193E-03   -3.31622325E-02   -5.61076262E-02   -2.12690288E-02
     4.95739153E-03   -3.84681660E-02   -5.96743852E-02   -2.20489339E-02
     5.28842186E-03   -3.53037595E-02   -6.34434151E-02   -2.41504158E-02
     5.55798459E-03   -4.21202902E-02   -6.74592712E-02   -2.56043205E-02
     5.90676966E-03   -3.40858944E-02   -7.17137561E-02   -2.58977888E-02
     6.12836926E-03   -5.59487880E-02   -7.62285154E-02   -3.94509691E-02
     6.63070094E-03   -4.53883910E-02   -8.08533433E-02   -3.23670630E-02
     6.96758648E-03   -5.30860010E-02   -8.59051004E-02   -3.17920259E-02
     7.38784791E-03   -5.80623498E-02   -9.09989629E-02   -3.33342948E-02
     7.85107642E-03   -6.23393503E-02   -9.65081622E-02   -3.52786775E-02
     8.34560150E-03   -6.49939389E-02   -1.02241220E-01   -3.80156784E-02
     8.84893028E-03   -6.08489068E-02   -1.08233424E-01   -4.05263093E-02
     9.27580136E-03   -6.87866026E-02   -1.14556418E-01   -4.23137165E-02
     9.77932574E-03   -7.84934246E-02   -1.21191590E-01   -4.39923402E-02
     1.03762056E-02   -7.78894698E-02   -1.28212151E-01   -5.20874213E-02
     1.09370380E-02   -8.25615114E-02   -1.35547836E-01   -4.97458729E-02
     1.15264111E-02   -8.26120360E-02   -1.43181565E-01   -5.42929941E-02
     1.20884256E-02   -9.52080023E-02   -1.51097778E-01   -5.49245087E-02
     1.27695851E-02   -1.05793357E-01   -1.59605895E-01   -5.68485171E-02
     1.35398694E-02   -9.84560942E-02   -1.68370492E-01   -6.20480292E-02
     1.41918720E-02   -1.03845615E-01   -1.77616145E-01   -6.53681657E-02
     1.48740260E-02   -1.20317492E-01   -1.87040957E-01   -6.71074154E-02
     1.57064072E-02   -1.17332039E-01   -1.97103717E-01   -7.51868312E-02
     1.64689663E-02   -1.09460423E-01   -2.07609617E-01   -8.46436536E-02
     1.71130941E-02   -1.42343861E-01   -2.18421962E-01   -7.76198251E-02
     1.80771310E-02   -1.53872815E-01   -2.30028539E-01   -8.07602919E-02
     1.91196236E-02   -1.31854791E-01   -2.41769963E-01   -9.13480384E-02
     1.98893441E-02   -1.45013911E-01   -2.54294285E-01   -9.34845578E-02
     2.07602034E-02   -1.77599081E-01   -2.67280998E-01   -9.35933030E-02
     2.19223346E-02   -1.56951768E-01   -2.80632403E-01   -1.13510855E-01
     2.28298262E-02   -1.78229712E-01   -2.94628918E-01   -1.06072604E-01
     2.39083297E-02   -2.05464401E-01   -3.09291812E-01   -1.08450075E-01
     2.52063266E-02   -1.97856582E-01   -3.24455387E-01   -1.19392580E-01
     2.63779069E-02   -2.17461037E-01   -3.40223520E-01   -1.20519009E-01
     2.76870401E-02   -2.36325585E-01   -3.56600457E-01   -1.25709753E-01
     2.91193125E-02   -2.51348589E-01   -3.73567686E-01   -1.30044461E-01
     3.06326493E-02   -2.43570775E-01   -3.90781341E-01   -1.40566548E-01
     3.20146989E-02   -2.62145496E-01   -4.08960569E-01   -1.44189946E-01
     3.35090358E-02   -2.54992411E-01   -4.27708526E-01   -1.59770531E-01
     3.48811236E-02   -2.71255481E-01   -4.46520589E-01   -1.64599848E-01
     3.63423906E-02   -2.83542420E-01   -4.66637274E-01   -1.65460699E-01
     3.78533752E-02   -2.87551027E-01   -4.87277662E-01   -1.73223411E-01
     3.93403939E-02   -3.28065602E-01   -5.08435168E-01   -1.89247478E-01
     4.11124588E-02   -3.36386667E-01   -5.30620105E-01   -1.84999376E-01
     4.28866020E-02   -3.25307699E-01   -5.53196658E-01   -2.06374491E-01
     4.45026405E-02   -3.42802749E-01   -5.76504665E-01   -2.02946459E-01
     4.61998772E-02   -3.54155985E-01   -6.00754770E-01   -2.11326325E-01
     4.79248117E-02   -3.71970279E-01   -6.25742354E-01   -2.27063021E-01
     4.97265662E-02   -4.09162599E-01   -6.51437479E-01   -2.28863053E-01
     5.17515593E-02   -4.15793455E-01   -6.78102825E-01   -2.55695100E-01
     5.37533531E-02   -4.55192796E-01   -7.05662150E-01   -2.46499869E-01
     5.59811055E-02   -4.65229094E-01   -7.33704855E-01   -2.53835005E-01
     5.82034396E-02   -5.07721959E-01   -7.63274488E-01   -2.62265659E-01
     6.06590346E-02   -4.91675952E-01   -7.92921624E-01   -2.88269329E-01
     6.29102174E-02   -5.14435438E-01   -8.23057159E-01   -2.92423161E-01
     6.52447127E-02   -5.46020309E-01   -8.53917911E-01   -2.98840385E-01
     6.77199878E-02   -6.03056456E-01   -8.85587145E-01   -2.94599799E-01
     7.05053389E-02   -4.93661636E-01   -9.18712731E-01   -3.57309597E-01
     7.24422107E-02   -5.97399168E-01   -9.51883608E-01   -3.27405305E-01
     7.50137137E-02   -6.54651866E-01   -9.86858439E-01   -3.37460339E-01
     7.78780993E-02   -5.98053454E-01   -1.02185696E+00   -3.87328788E-01
     8.02719099E-02   -5.97814472E-01   -1.05765413E+00   -4.04730420E-01
     8.25820614E-02   -6.83564580E-01   -1.09458167E+00   -3.69575696E-01
     8.53603492E-02   -7.03760225E-01   -1.13240431E+00   -4.03573024E-01
     8.81716371E-02   -6.92638272E-01   -1.17158369E+00   -4.13606836E-01
     9.08194542E-02   -7.51720006E-01   -1.21116482E+00   -4.27937625E-01
     9.37382978E-02   -7.89096738E-01   -1.25158604E+00   -4.46893827E-01
     9.67842478E-02   -8.05125752E-01   -1.29384338E+00   -4.70049777E-01
     9.98245548E-02   -8.33997053E-01   -1.33639401E+00   -4.75479473E-01
     1.02933320E-01   -8.02995397E-01   -1.37948620E+00   -5.12969443E-01
     1.05763406E-01   -9.26784176E-01   -1.42527523E+00   -5.28083848E-01
     1.09200333E-01   -9.94137271E-01   -1.47063009E+00   -4.87956964E-01
     1.12902061E-01   -9.07426829E-01   -1.51661918E+00   -5.58043261E-01
     1.16012941E-01   -9.71499869E-01   -1.56318256E+00   -5.72523184E-01
     1.19371624E-01   -1.09959669E+00   -1.61038281E+00   -5.30782302E-01
     1.23305633E-01   -1.07847101E+00   -1.65947414E+00   -6.12497841E-01
     1.27008532E-01   -1.08161077E+00   -1.70928311E+00   -6.20238729E-01
     1.30615443E-01   -1.13388761E+00   -1.75950083E+00   -6.05139053E-01
     1.34379235E-01   -1.12124832E+00   -1.81289576E+00   -6.45070018E-01
     1.37967646E-01   -1.06576009E+00   -1.86478480E+00   -7.02101127E-01
     1.41176928E-01   -1.09691177E+00   -1.91765556E+00   -7.05184027E-01
     1.44443892E-01   -1.21929479E+00   -1.97276734E+00   -7.05450635E-01
     1.48202092E-01   -1.23263427E+00   -2.02878947E+00   -7.12926661E-01
     1.51916026E-01   -1.35804547E+00   -2.08672458E+00   -7.55881690E-01
     1.56107494E-01   -1.41493477E+00   -2.14528645E+00   -7.71800018E-01
     1.60442347E-01   -1.42418704E+00   -2.20464837E+00   -7.48198901E-01
     1.64699792E-01   -1.40977859E+00   -2.26389520E+00   -8.09577157E-01
     1.68777439E-01   -1.47165507E+00   -2.32434557E+00   -8.37056495E-01
     1.73016919E-01   -1.36779061E+00   -2.38685724E+00   -8.74781066E-01
     1.76693182E-01   -1.58295752E+00   -2.45016848E+00   -8.76106447E-01
     1.81191752E-01   -1.73164697E+00   -2.51501650E+00   -8.44524488E-01
     1.86200285E-01   -1.55954383E+00   -2.58043462E+00   -9.33193579E-01
     1.90364148E-01   -1.69264335E+00   -2.64591938E+00   -9.41295891E-01
     1.94968079E-01   -1.76320625E+00   -2.71311877E+00   -9.55905756E-01
     1.99741327E-01   -1.70685862E+00   -2.78111103E+00   -9.88195127E-01
     2.04170030E-01   -1.73940417E+00   -2.84944559E+00   -1.01015617E+00
     2.08618138E-01   -1.85800921E+00   -2.92311805E+00   -1.03097113E+00
     2.13419999E-01   -1.82636855E+00   -2.99079701E+00   -1.05874406E+00
     2.17983879E-01   -1.98966796E+00   -3.06712106E+00   -1.06741531E+00
     2.23058855E-01   -1.87762796E+00   -3.13961393E+00   -1.10919020E+00
     2.27593642E-01   -2.00017747E+00   -3.21210713E+00   -1.12469470E+00
     2.32477253E-01   -1.97912345E+00   -3.29047725E+00   -1.23864756E+00
     2.37171182E-01   -2.14046395E+00   -3.36663294E+00   -1.16617551E+00
     2.42341350E-01   -2.08360980E+00   -3.44902553E+00   -1.20359012E+00
     2.47191083E-01   -2.21681117E+00   -3.52633254E+00   -1.21521339E+00
     2.52403233E-01   -2.52078492E+00   -3.60804543E+00   -1.19561291E+00
     2.58562165E-01   -2.21309103E+00   -3.69072487E+00   -1.32958144E+00
     2.63524214E-01   -2.54188605E+00   -3.77349447E+00   -1.26653283E+00
     2.69500268E-01   -2.45648983E+00   -3.85745598E+00   -1.31314865E+00
     2.75059589E-01   -2.44440526E+00   -3.93917158E+00   -1.34519091E+00
     2.80460835E-01   -2.41776879E+00   -4.02840552E+00   -1.52220621E+00
     2.85661088E-01   -2.56196448E+00   -4.11390911E+00   -1.39685299E+00
     2.91223375E-01   -2.97655837E+00   -4.20302106E+00   -1.36010970E+00
     2.98007793E-01   -2.48256108E+00   -4.29100684E+00   -1.55424816E+00
     3.03076602E-01   -2.83101197E+00   -4.38437527E+00   -1.52985987E+00
     3.09142877E-01   -2.57292403E+00   -4.47519305E+00   -1.63005946E+00
     3.14281614E-01   -3.00266733E+00   -4.56792805E+00   -1.55741812E+00
     3.20645208E-01   -2.86459077E+00   -4.66222016E+00   -1.57394590E+00
     3.26459937E-01   -3.36044633E+00   -4.75558013E+00   -1.54400477E+00
     3.33659034E-01   -2.75007077E+00   -4.85113890E+00   -1.80697343E+00
     3.38891904E-01   -3.25096411E+00   -4.95061566E+00   -1.64886801E+00
     3.45506501E-01   -3.32351630E+00   -5.04525017E+00   -1.74345350E+00
     3.52205814E-01   -3.24214948E+00   -5.14215015E+00   -1.69031383E+00
     3.58540182E-01   -2.92021080E+00   -5.24658466E+00   -2.00823265E+00
     3.63830414E-01   -3.75809992E+00   -5.34482699E+00   -1.69136741E+00
     3.71399364E-01   -3.32473155E+00   -5.44657588E+00   -1.85591582E+00
     3.77609195E-01   -3.57707902E+00   -5.55232579E+00   -1.83624587E+00
     3.84404228E-01   -3.62483837E+00   -5.65277919E+00   -2.15585621E+00
     3.91203624E-01   -3.67132091E+00   -5.75405153E+00   -1.86260870E+00
     3.98003722E-01   -3.50093288E+00   -5.86159846E+00   -2.07154297E+00
     4.04220407E-01   -3.83787212E+00   -5.96710620E+00   -2.09783446E+00
     4.11222587E-01   -3.84876892E+00   -6.07341297E+00   -1.96970924E+00
     4.18125462E-01   -3.96189130E+00   -6.18461629E+00   -2.00379161E+00
     4.25197059E-01   -4.13529787E+00   -6.29236181E+00   -2.28257556E+00
     4.32587224E-01   -4.12451201E+00   -6.39345957E+00   -2.03852349E+00
     4.39814844E-01   -4.07935232E+00   -6.50511555E+00   -2.16700432E+00
     4.46795372E-01   -4.10135152E+00   -6.61528815E+00   -2.36116840E+00
     4.53700973E-01   -4.37084424E+00   -6.72619163E+00   -2.11909255E+00
     4.61143081E-01   -4.44840723E+00   -6.83999042E+00   -2.15443680E+00
     4.68634479E-01   -4.76053326E+00   -6.94941777E+00   -2.43170205E+00
     4.76738747E-01   -4.62338772E+00   -7.05388470E+00   -2.20092422E+00
     4.84361468E-01   -4.71480737E+00   -7.16719934E+00   -2.23064747E+00
     4.92052413E-01   -4.79948372E+00   -7.27980056E+00   -2.25652741E+00
     4.99789497E-01   -4.88107366E+00   -7.39171883E+00   -2.27928974E+00
     5.07560943E-01   -4.96116246E+00   -7.50692874E+00   -2.30181715E+00
     5.15359974E-01   -5.05626438E+00   -7.62110866E+00   -2.32956267E+00
     5.23215588E-01   -5.15176117E+00   -7.73410397E+00   -2.35671031E+00
     5.31121563E-01   -5.24633530E+00   -7.84568680E+00   -2.38264102E+00
     5.39068709E-01   -5.67531708E+00   -7.95592045E+00   -2.16038705E+00
     5.47767295E-01   -5.90527674E+00   -8.06531299E+00   -2.04290596E+00
     5.56765736E-01   -5.91832652E+00   -8.17564166E+00   -2.13727840E+00
     5.65597580E-01   -5.70155359E+00   -8.28278380E+00   -2.27847420E+00
     5.73792766E-01   -5.87451780E+00   -8.40204284E+00   -2.14684983E+00
     5.82153698E-01   -6.35732792E+00   -8.50904452E+00   -2.08989834E+00
     5.91281037E-01   -6.29721260E+00   -8.60943601E+00   -2.01412637E+00
     6.00081895E-01   -6.52399653E+00   -8.72491211E+00   -2.12327592E+00
     6.09112732E-01   -6.82828050E+00   -8.82367862E+00   -1.93093480E+00
     6.18504938E-01   -6.40588404E+00   -8.93435823E+00   -2.22496121E+00
     6.26897592E-01   -6.87033790E+00   -9.03079114E+00   -2.11534139E+00
     6.35932337E-01   -6.86595379E+00   -9.13556052E+00   -2.07600173E+00
     6.44743890E-01   -6.74470976E+00   -9.23218889E+00   -2.13025109E+00
     6.53133465E-01   -7.03836120E+00   -9.34041739E+00   -2.23573482E+00
     6.61826470E-01   -7.12782757E+00   -9.43232001E+00   -2.20481364E+00
     6.70466638E-01   -6.64545092E+00   -9.52972774E+00   -2.52208213E+00
     6.78112512E-01   -6.83562320E+00   -9.62609951E+00   -2.55847839E+00
     6.85894281E-01   -7.28203789E+00   -9.71573518E+00   -2.41739679E+00
     6.94215435E-01   -6.78322845E+00   -9.81178076E+00   -2.76096175E+00
     7.01576075E-01   -6.00710602E+00   -9.88851176E+00   -3.44324362E+00
     7.07586660E-01   -6.18041268E+00   -9.98728961E+00   -3.31588939E+00
     7.13737523E-01   -6.65277083E+00   -1.00702815E+01   -3.14689157E+00
     7.20471741E-01   -7.14645008E+00   -1.01630304E+01   -3.05450543E+00
     7.27801507E-01   -6.08994267E+00   -1.02519373E+01   -3.57798750E+00
     7.33461436E-01   -7.14613810E+00   -1.03384595E+01   -3.44382512E+00
     7.40524244E-01   -6.32382868E+00   -1.04299421E+01   -3.59112866E+00
     7.46300523E-01   -6.63321478E+00   -1.05091919E+01   -3.53747320E+00
     7.52404165E-01   -6.96619559E+00   -1.05884577E+01   -3.53361122E+00
     7.58858692E-01   -6.78085474E+00   -1.06904964E+01   -3.58445942E+00
     7.64952687E-01   -5.54027363E+00   -1.07669959E+01   -4.41813484E+00
     7.69287340E-01   -7.36979882E+00   -1.08574780E+01   -3.54957973E+00
     7.75962523E-01   -7.36420210E+00   -1.09409658E+01   -3.55642329E+00
     7.82521143E-01   -6.22698837E+00   -1.10205012E+01   -4.32679118E+00
     7.87511728E-01   -7.18885104E+00   -1.11007849E+01   -3.59087112E+00
     7.93646113E-01   -6.34564573E+00   -1.11879744E+01   -5.08194044E+00
     7.98625436E-01   -6.96901914E+00   -1.12725034E+01   -3.90174004E+00
     8.04300968E-01   -7.10566960E+00   -1.13486773E+01   -4.03420030E+00
     8.10056635E-01   -7.22303424E+00   -1.14251449E+01   -4.09708340E+00
     8.15867205E-01   -7.68709173E+00   -1.15098048E+01   -3.78683837E+00
     8.22147362E-01   -7.47519981E+00   -1.15906222E+01   -3.94939363E+00
     8.28083601E-01   -7.86916165E+00   -1.16751630E+01   -4.03798409E+00
     8.34393814E-01   -8.30486481E+00   -1.17539761E+01   -3.75842012E+00
     8.41115232E-01   -8.60982595E+00   -1.18300072E+01   -3.53419895E+00
     8.48085622E-01   -8.39530324E+00   -1.19042901E+01   -3.67231334E+00
     8.54708382E-01   -8.05264065E+00   -1.19789991E+01   -3.97326399E+00
     8.60846403E-01   -7.60101870E+00   -1.20500232E+01   -4.19388861E+00
     8.66388039E-01   -6.17770393E+00   -1.21275631E+01   -5.04126919E+00
     8.70286218E-01   -7.81468700E+00   -1.22076615E+01   -4.19710257E+00
     8.75871158E-01   -8.15080457E+00   -1.22865263E+01   -3.76636334E+00
     8.81701232E-01   -7.95014859E+00   -1.23500522E+01   -4.40790137E+00
     8.87194988E-01   -7.85971856E+00   -1.24313283E+01   -3.93251515E+00
     8.92454607E-01   -8.94497705E+00   -1.24975570E+01   -3.33479417E+00
     8.98605941E-01   -8.68084133E+00   -1.25775370E+01   -3.38767843E+00
     9.04220072E-01   -9.76778671E+00   -1.26591414E+01   -2.54751061E+00
     9.10311140E-01   -9.36982426E+00   -1.27969460E+01   -3.06176381E+00
     9.14652565E-01   -1.06964522E+01   -1.27208947E+01   -1.59718341E+00
     9.17472278E-01   -8.63245710E+00   -1.25408476E+01   -3.64268549E+00
     9.18675839E-01   -8.61556202E+00   -1.25711382E+01   -3.95557619E+00
     9.19801840E-01   -7.71713450E+00   -1.26178731E+01   -4.90073862E+00
     9.20757286E-01   -7.33489126E+00   -1.26947845E+01   -5.35842659E+00
     9.21661360E-01   -9.27663061E+00   -1.27859108E+01   -3.52791674E+00
     9.23002021E-01   -7.58496100E+00   -1.28742939E+01   -5.28933290E+00
     9.24047422E-01   -7.68452458E+00   -1.29781498E+01   -5.29362524E+00
     9.25185127E-01   -7.78945994E+00   -1.31014161E+01   -5.31195618E+00
     9.26439702E-01   -7.90493717E+00   -1.32502525E+01   -5.34531536E+00
     9.27845069E-01   -8.03724148E+00   -1.34333682E+01   -5.39612674E+00
     9.29450369E-01   -8.20635207E+00   -1.36646981E+01   -5.47643533E+00
     9.31334879E-01   -8.30835703E+00   -1.39504870E+01   -5.62279574E+00
     9.33581064E-01   -7.91849362E+00   -1.43485067E+01   -5.81807282E+00
     9.36124211E-01   -8.99066921E+00   -1.49264584E+01   -5.93578922E+00
     9.40127341E-01   -9.50265726E+00   -1.57583270E+01   -6.25566969E+00
     9.46555161E-01   -1.01037639E+01   -1.50801628E+01   -5.05925683E+00
     9.63953243E-01   -1.28936558E+01   -1.80354029E+01   -5.27765933E+00
     1.00000000E+00
