     0.00000000E+00    4.06616433E-05    6.74186450E-05    2.69193847E-05
    -1.83843662E-06    5.23471017E-05    8.26016346E-05    3.06588366E-05
    -3.89288652E-06    5.49321449E-05    9.93315535E-05    4.00871314E-05
    -5.76432859E-06    7.15234794E-05    1.17828792E-04    4.68218598E-05
    -8.07875619E-06    8.57736566E-05    1.38584101E-04    5.36681809E-05
    -1.06690759E-05    8.99513104E-05    1.61253719E-04    6.48702098E-05
    -1.30743536E-05    1.13693065E-04    1.86812556E-04    7.42564208E-05
    -1.61228382E-05    1.31107504E-04    2.15229809E-04    8.54333800E-05
    -1.94620975E-05    1.47542924E-04    2.46292067E-04    9.74803127E-05
    -2.30086644E-05    1.78815385E-04    2.80780765E-04    1.03753534E-04
    -2.73120275E-05    1.94518762E-04    3.18816326E-04    1.26242752E-04
    -3.16582761E-05    2.08977881E-04    3.59918828E-04    1.44045835E-04
    -3.59911455E-05    2.47931472E-04    4.06237396E-04    1.60785239E-04
    -4.12262025E-05    2.67293193E-04    4.56860819E-04    1.74135019E-04
    -4.65099315E-05    3.12955052E-04    5.12178876E-04    2.02353375E-04
    -5.27827299E-05    3.49762817E-04    5.73518423E-04    2.25877877E-04
    -5.95848608E-05    3.90997357E-04    6.39182336E-04    2.52094953E-04
    -6.69907690E-05    4.30789003E-04    7.12259235E-04    2.80738445E-04
    -7.48606810E-05    4.93141332E-04    7.90223969E-04    3.02014051E-04
    -8.38821422E-05    5.18881453E-04    8.76680477E-04    3.47768654E-04
    -9.26841158E-05    5.93910470E-04    9.68839055E-04    3.80867689E-04
    -1.02882038E-04    6.57024995E-04    1.07122731E-03    4.20801739E-04
    -1.13904755E-04    7.23765249E-04    1.17949068E-03    4.62963081E-04
    -1.25748634E-04    7.45194297E-04    1.29950238E-03    5.17750001E-04
    -1.36923344E-04    8.76833225E-04    1.42756364E-03    5.59498747E-04
    -1.50790505E-04    9.78161111E-04    1.56928496E-03    5.68842970E-04
    -1.66117982E-04    1.06161491E-03    1.71828210E-03    6.67283333E-04
    -1.82208788E-04    1.07875025E-03    1.88322215E-03    7.47709744E-04
    -1.97109815E-04    1.31912403E-03    2.05810903E-03    7.52176235E-04
    -2.17095904E-04    1.26934439E-03    2.24709231E-03    8.96924335E-04
    -2.33744303E-04    1.51325541E-03    2.45481231E-03    9.56689446E-04
    -2.55208707E-04    1.64937202E-03    2.67446129E-03    1.04158299E-03
    -2.78139734E-04    1.78324452E-03    2.91709697E-03    1.13693041E-03
    -3.02315514E-04    2.05146542E-03    3.17163242E-03    1.14068165E-03
    -3.30961861E-04    1.97670662E-03    3.45083932E-03    1.36615579E-03
    -3.55157530E-04    2.31622827E-03    3.74599321E-03    1.45302099E-03
    -3.85394276E-04    2.28822000E-03    4.06207481E-03    1.61043384E-03
    -4.12301707E-04    2.70195178E-03    4.41407048E-03    1.71314230E-03
    -4.46550922E-04    2.96262256E-03    4.78141532E-03    1.84841898E-03
    -4.83875719E-04    3.14214758E-03    5.18310917E-03    2.02554763E-03
    -5.22131687E-04    3.48649849E-03    5.60973172E-03    2.16582366E-03
    -5.64897806E-04    3.76620927E-03    6.06189168E-03    2.33721509E-03
    -6.10318425E-04    3.60913907E-03    6.55544075E-03    2.58912628E-03
    -6.48707382E-04    4.40832765E-03    7.08307346E-03    2.71882909E-03
    -7.01057981E-04    4.40436894E-03    7.64759930E-03    3.00158785E-03
    -7.49251340E-04    5.15934194E-03    8.26023169E-03    3.17445111E-03
    -8.09325883E-04    5.54894092E-03    8.90157884E-03    3.40812733E-03
    -8.72779213E-04    5.65422506E-03    9.58791218E-03    3.73059405E-03
    -9.33613473E-04    6.47305319E-03    1.03354232E-02    3.96289902E-03
    -1.00615741E-03    6.95372855E-03    1.11202332E-02    4.24252688E-03
    -1.08281560E-03    7.49403068E-03    1.19496665E-02    4.56782842E-03
    -1.16438716E-03    7.75892321E-03    1.28513429E-02    4.96936878E-03
    -1.24524494E-03    8.66852534E-03    1.38063792E-02    5.25187768E-03
    -1.33750990E-03    9.30257531E-03    1.48088828E-02    5.62558564E-03
    -1.43516719E-03    1.00226712E-02    1.58872027E-02    6.05318043E-03
    -1.53935234E-03    9.95879381E-03    1.70393771E-02    7.23145377E-03
    -1.63544093E-03    1.13963965E-02    1.82477367E-02    6.90684879E-03
    -1.75074626E-03    1.23657912E-02    1.95353691E-02    7.41689365E-03
    -1.87556209E-03    1.31928208E-02    2.09197119E-02    7.95023011E-03
    -2.00668924E-03    1.34358838E-02    2.23659507E-02    8.52653670E-03
    -2.13364649E-03    1.50455511E-02    2.38899744E-02    9.03540809E-03
    -2.27985398E-03    1.47574820E-02    2.55408343E-02    1.02455429E-02
    -2.41216859E-03    1.73132215E-02    2.72332342E-02    1.02482190E-02
    -2.57855908E-03    1.84773653E-02    2.90829466E-02    1.09026584E-02
    -2.75383509E-03    1.92121303E-02    3.10027285E-02    1.16449252E-02
    -2.93042479E-03    2.10682698E-02    3.30283553E-02    1.23814509E-02
    -3.12608980E-03    2.03132853E-02    3.52014231E-02    1.34676853E-02
    -3.29833845E-03    2.39095507E-02    3.74263795E-02    1.39950198E-02
    -3.51653703E-03    2.28395275E-02    3.98456033E-02    1.72766711E-02
    -3.70566499E-03    2.51670996E-02    4.23229128E-02    1.60781901E-02
    -3.91938715E-03    2.88702065E-02    4.50329442E-02    1.67401418E-02
    -4.17668746E-03    2.60501127E-02    4.78088456E-02    1.83324219E-02
    -4.37763473E-03    3.23630768E-02    5.07853458E-02    1.90695306E-02
    -4.66017577E-03    3.10379701E-02    5.39032567E-02    2.04164702E-02
    -4.90791310E-03    3.64297621E-02    5.71529099E-02    2.11759753E-02
    -5.21954392E-03    3.58162219E-02    6.05979466E-02    2.29711994E-02
    -5.50562413E-03    4.13665560E-02    6.41705611E-02    2.37102142E-02
    -5.85424221E-03    3.77922779E-02    6.79154632E-02    2.58527488E-02
    -6.13477441E-03    4.48796026E-02    7.18785476E-02    2.72816670E-02
    -6.49766245E-03    3.61436236E-02    7.60430394E-02    2.74612108E-02
    -6.72312137E-03    5.90344599E-02    8.04326491E-02    4.16267578E-02
    -7.24285627E-03    4.76441684E-02    8.48717089E-02    3.39756878E-02
    -7.58528171E-03    5.54279640E-02    8.96949238E-02    3.31945754E-02
    -8.01192663E-03    6.02898301E-02    9.44900098E-02    3.46131180E-02
    -8.47973867E-03    6.43607555E-02    9.96375195E-02    3.64226179E-02
    -8.97598991E-03    6.67028647E-02    1.04929511E-01    3.90152482E-02
    -9.47702265E-03    6.20640488E-02    1.10394827E-01    4.13356126E-02
    -9.89556627E-03    6.97154071E-02    1.16103239E-01    4.28850657E-02
    -1.03876514E-02    7.90323779E-02    1.22023718E-01    4.42944014E-02
    -1.09689152E-02    7.78914461E-02    1.28215404E-01    5.20887429E-02
    -1.15084447E-02    8.19840310E-02    1.34599740E-01    4.93979230E-02
    -1.20706685E-02    8.14392704E-02    1.41148950E-01    5.35222474E-02
    -1.25998561E-02    9.31555793E-02    1.47840525E-01    5.37404872E-02
    -1.32395663E-02    1.02713061E-01    1.54958784E-01    5.51933068E-02
    -1.39585977E-02    9.48230757E-02    1.62157640E-01    5.97584641E-02
    -1.45554831E-02    9.91876749E-02    1.69649267E-01    6.24361115E-02
    -1.51736325E-02    1.13943210E-01    1.77131742E-01    6.35521419E-02
    -1.59260353E-02    1.10137672E-01    1.85018045E-01    7.05766524E-02
    -1.66033026E-02    1.01816416E-01    1.93111506E-01    7.87326890E-02
    -1.71611190E-02    1.31173087E-01    2.01280777E-01    7.15284238E-02
    -1.80052945E-02    1.40433670E-01    2.09938005E-01    7.37067438E-02
    -1.89094357E-02    1.19139138E-01    2.18454444E-01    8.25387269E-02
    -1.95542886E-02    1.29689234E-01    2.27421155E-01    8.36053633E-02
    -2.02790336E-02    1.57161698E-01    2.36523382E-01    8.28229646E-02
    -2.12497528E-02    1.37379173E-01    2.45636273E-01    9.93555377E-02
    -2.19825351E-02    1.54260599E-01    2.55005928E-01    9.18074948E-02
    -2.28504569E-02    1.75785502E-01    2.64615262E-01    9.27846905E-02
    -2.38912095E-02    1.67259823E-01    2.74281249E-01    1.00929581E-01
    -2.48073515E-02    1.81574548E-01    2.84078164E-01    1.00630371E-01
    -2.58214465E-02    1.94821481E-01    2.93973372E-01    1.03632285E-01
    -2.69181622E-02    2.04483787E-01    3.03914717E-01    1.05797228E-01
    -2.80599609E-02    1.95458731E-01    3.13591092E-01    1.12800721E-01
    -2.90739402E-02    2.07406547E-01    3.23564970E-01    1.14081452E-01
    -3.01551879E-02    1.98813320E-01    3.33477187E-01    1.24570412E-01
    -3.11176236E-02    2.08321732E-01    3.42923733E-01    1.26411179E-01
    -3.21259570E-02    2.14388106E-01    3.52827212E-01    1.25105816E-01
    -3.31477135E-02    2.13946363E-01    3.62548814E-01    1.28883278E-01
    -3.41263217E-02    2.40070830E-01    3.72061112E-01    1.38486933E-01
    -3.52879784E-02    2.41966961E-01    3.81681401E-01    1.33072268E-01
    -3.64213638E-02    2.29875884E-01    3.90911654E-01    1.45832756E-01
    -3.74125469E-02    2.37836286E-01    3.99978497E-01    1.40804099E-01
    -3.84310695E-02    2.41104334E-01    4.08985263E-01    1.43867942E-01
    -3.94378452E-02    2.48330646E-01    4.17751126E-01    1.51589280E-01
    -4.04644198E-02    2.67702067E-01    4.26214812E-01    1.49737813E-01
    -4.16040168E-02    2.66416896E-01    4.34489884E-01    1.63834938E-01
    -4.26920129E-02    2.85427240E-01    4.42483277E-01    1.54566983E-01
    -4.38846030E-02    2.85259868E-01    4.49878464E-01    1.55641470E-01
    -4.50328784E-02    3.04170798E-01    4.57269585E-01    1.57120552E-01
    -4.62792326E-02    2.87539364E-01    4.63712286E-01    1.68584164E-01
    -4.73601441E-02    2.93416230E-01    4.69443415E-01    1.66788085E-01
    -4.84448545E-02    3.03446189E-01    4.74557688E-01    1.66078027E-01
    -4.95621491E-02    3.26214750E-01    4.79045679E-01    1.59359541E-01
    -5.07986750E-02    2.59628176E-01    4.83172467E-01    1.87917456E-01
    -5.15348130E-02    3.05144686E-01    4.86211297E-01    1.67234898E-01
    -5.25533521E-02    3.24373303E-01    4.88978261E-01    1.67208146E-01
    -5.36649068E-02    2.87070489E-01    4.90499595E-01    1.85920947E-01
    -5.44930911E-02    2.77616061E-01    4.91158691E-01    1.87950728E-01
    -5.52316881E-02    3.06672889E-01    4.91070681E-01    1.65805616E-01
    -5.61304174E-02    3.04548407E-01    4.90041801E-01    1.74644030E-01
    -5.69854568E-02    2.88628482E-01    4.88209265E-01    1.72353620E-01
    -5.77132397E-02    3.01099543E-01    4.85128999E-01    1.71409331E-01
    -5.84925683E-02    3.03212123E-01    4.80924637E-01    1.71719917E-01
    -5.92586535E-02    2.96143608E-01    4.75905095E-01    1.72895025E-01
    -5.99577627E-02    2.92954371E-01    4.69429078E-01    1.67019523E-01
    -6.06154548E-02    2.68667890E-01    4.61551397E-01    1.71630396E-01
    -6.11126703E-02    2.94523764E-01    4.52939784E-01    1.67820348E-01
    -6.17396630E-02    2.99110373E-01    4.42474825E-01    1.46813718E-01
    -6.23721966E-02    2.57550471E-01    4.30454525E-01    1.58386660E-01
    -6.27574868E-02    2.59067666E-01    4.16850347E-01    1.52673459E-01
    -6.31388914E-02    2.74239310E-01    4.01629320E-01    1.32377055E-01
    -6.35889460E-02    2.50212516E-01    3.85009143E-01    1.42103612E-01
    -6.38996284E-02    2.32003056E-01    3.66637348E-01    1.33039800E-01
    -6.41071517E-02    2.23239122E-01    3.46409483E-01    1.19139419E-01
    -6.42639935E-02    2.00872993E-01    3.24782468E-01    1.15565074E-01
    -6.43043962E-02    1.71928698E-01    3.00827574E-01    1.13263138E-01
    -6.42011064E-02    1.57297768E-01    2.74992893E-01    1.01123788E-01
    -6.40298414E-02    1.52900136E-01    2.47385947E-01    8.84638394E-02
    -6.38424735E-02    1.32285285E-01    2.17727999E-01    7.65106963E-02
    -6.35632913E-02    1.21086186E-01    1.86056745E-01    6.73959987E-02
    -6.32399815E-02    1.00357838E-01    1.52159883E-01    5.47418740E-02
    -6.28307846E-02    7.49370714E-02    1.16002946E-01    3.93683082E-02
    -6.23180525E-02    4.82650141E-02    7.75064503E-02    2.77165885E-02
    -6.17004732E-02    2.32317700E-02    3.66924715E-02    1.32139007E-02
    -6.09896013E-02   -3.73210980E-03   -6.51270251E-03   -2.38689970E-03
    -6.01809428E-02   -3.37222750E-02   -5.21967611E-02   -1.86639896E-02
    -5.92654876E-02   -6.91465091E-02   -1.00427289E-01   -3.37227629E-02
    -5.82244766E-02   -9.14021748E-02   -1.51234824E-01   -5.46928666E-02
    -5.71176418E-02   -1.30904346E-01   -2.04628073E-01   -7.27972158E-02
    -5.58769089E-02   -1.69464629E-01   -2.60762270E-01   -9.18736616E-02
    -5.45113745E-02   -1.96166106E-01   -3.19627950E-01   -1.13571439E-01
    -5.30731934E-02   -2.32707092E-01   -3.81214560E-01   -1.35144268E-01
    -5.15261934E-02   -2.83678608E-01   -4.46298141E-01   -1.57407429E-01
    -4.98182746E-02   -3.13406368E-01   -5.13223263E-01   -1.81681364E-01
    -4.80373130E-02   -3.79134605E-01   -5.84445120E-01   -2.03397798E-01
    -4.60492921E-02   -3.93401964E-01   -6.57814176E-01   -2.32398331E-01
    -4.40546434E-02   -4.57063835E-01   -7.34003868E-01   -2.57005830E-01
    -4.18703900E-02   -4.89861282E-01   -8.14440052E-01   -3.06582939E-01
    -3.96163748E-02   -5.70494627E-01   -8.97303595E-01   -3.10818999E-01
    -3.71222443E-02   -5.94958503E-01   -9.84842300E-01   -3.43675759E-01
    -3.45971880E-02   -6.75147184E-01   -1.07397216E+00   -3.70102744E-01
    -3.18451502E-02   -8.15631258E-01   -1.16742789E+00   -3.86855401E-01
    -2.86631061E-02   -7.58058235E-01   -1.26419761E+00   -4.55426436E-01
    -2.57494027E-02   -9.18887733E-01   -1.36411220E+00   -4.57849587E-01
    -2.23502851E-02   -9.34522130E-01   -1.46749151E+00   -4.99560983E-01
    -1.89716053E-02   -9.76140045E-01   -1.57305468E+00   -5.37183723E-01
    -1.55256733E-02   -1.01115407E+00   -1.68475110E+00   -6.36613809E-01
    -1.20364072E-02   -1.11977529E+00   -1.79809432E+00   -6.10532066E-01
    -8.26550339E-03   -1.35701139E+00   -1.91615508E+00   -6.20073294E-01
    -3.80748549E-03   -1.17834787E+00   -2.03672683E+00   -7.37724048E-01
    -1.11148314E-05   -1.39675590E+00   -2.16314946E+00   -7.54797512E-01
     4.39795090E-03   -1.31745065E+00   -2.29149633E+00   -8.34662377E-01
     8.47100426E-03   -1.59345218E+00   -2.42410301E+00   -8.26488928E-01
     1.33152638E-02   -1.57334287E+00   -2.56066972E+00   -8.64471318E-01
     1.80014735E-02   -1.90785614E+00   -2.69992789E+00   -8.76591590E-01
     2.36065259E-02   -1.61190279E+00   -2.84340475E+00   -1.05912384E+00
     2.82170527E-02   -1.96514274E+00   -2.99254808E+00   -9.96707712E-01
     3.37842124E-02   -2.06966630E+00   -3.14184837E+00   -1.08570762E+00
     3.95499806E-02   -2.07785784E+00   -3.29554731E+00   -1.08330349E+00
     4.52283632E-02   -1.92429351E+00   -3.45727398E+00   -1.32333907E+00
     5.03580145E-02   -2.54412625E+00   -3.61829513E+00   -1.14500740E+00
     5.71504738E-02   -2.31016739E+00   -3.78451667E+00   -1.28957064E+00
     6.31585291E-02   -2.54911125E+00   -3.95671889E+00   -1.30855231E+00
     6.97183041E-02   -2.64717498E+00   -4.12815528E+00   -1.57439533E+00
     7.64252263E-02   -2.74553753E+00   -4.30307370E+00   -1.39292157E+00
     8.32758066E-02   -2.67911673E+00   -4.48563484E+00   -1.58526473E+00
     8.98222210E-02   -3.00344232E+00   -4.66973852E+00   -1.64172349E+00
     9.71144821E-02   -3.07811572E+00   -4.85731109E+00   -1.57530709E+00
     1.04470477E-01   -3.23614690E+00   -5.05171022E+00   -1.63673446E+00
     1.12104169E-01   -3.44771551E+00   -5.24612109E+00   -1.90304820E+00
     1.20144750E-01   -3.50781098E+00   -5.43750330E+00   -1.73372148E+00
     1.28192141E-01   -3.53710345E+00   -5.64042153E+00   -1.87895476E+00
     1.36165677E-01   -3.62364572E+00   -5.84477103E+00   -2.08615080E+00
     1.44207230E-01   -3.93301718E+00   -6.05242963E+00   -1.90682325E+00
     1.52862534E-01   -4.07458935E+00   -6.26519801E+00   -1.97339065E+00
     1.61700710E-01   -4.43646935E+00   -6.47634986E+00   -2.26616873E+00
     1.71246572E-01   -4.38151166E+00   -6.68485535E+00   -2.08578119E+00
     1.80479663E-01   -4.54157803E+00   -6.90386531E+00   -2.14869002E+00
     1.89911714E-01   -4.69699063E+00   -7.12434024E+00   -2.20833921E+00
     1.99520402E-01   -4.85101268E+00   -7.34619559E+00   -2.26525232E+00
     2.09292862E-01   -5.00503557E+00   -7.57331486E+00   -2.32217284E+00
     2.19220930E-01   -5.17582976E+00   -7.80132486E+00   -2.38464979E+00
     2.29332321E-01   -5.34881307E+00   -8.02992900E+00   -2.44685312E+00
     2.39619026E-01   -5.52253958E+00   -8.25873937E+00   -2.50808013E+00
     2.50069541E-01   -6.05464019E+00   -8.48767302E+00   -2.30478158E+00
     2.61439584E-01   -6.38233303E+00   -8.71686726E+00   -2.20794160E+00
     2.73258806E-01   -6.47745276E+00   -8.94802482E+00   -2.33919501E+00
     2.85021330E-01   -6.31681378E+00   -9.17658705E+00   -2.52434656E+00
     2.96197999E-01   -6.58607400E+00   -9.41974775E+00   -2.40688892E+00
     3.07667891E-01   -7.20990798E+00   -9.65019089E+00   -2.37017421E+00
     3.20112950E-01   -7.22180850E+00   -9.87352693E+00   -2.30985293E+00
     3.32295487E-01   -7.56320243E+00   -1.01147013E+01   -2.46149205E+00
     3.44848885E-01   -7.99924815E+00   -1.03368329E+01   -2.26206680E+00
     3.57929160E-01   -7.58073802E+00   -1.05729402E+01   -2.63302425E+00
     3.69930469E-01   -8.21060232E+00   -1.07925164E+01   -2.52800185E+00
     3.82787857E-01   -8.28369527E+00   -1.10219500E+01   -2.50467251E+00
     3.95468607E-01   -8.21261487E+00   -1.12414640E+01   -2.59387466E+00
     4.07722420E-01   -8.64695992E+00   -1.14751449E+01   -2.74670606E+00
     4.20428732E-01   -8.83280285E+00   -1.16885295E+01   -2.73220473E+00
     4.33150349E-01   -8.30412565E+00   -1.19083050E+01   -3.15158250E+00
     4.44707554E-01   -8.61138843E+00   -1.21267775E+01   -3.22312254E+00
     4.56502275E-01   -9.24635015E+00   -1.23365314E+01   -3.06948378E+00
     4.69048179E-01   -8.67891155E+00   -1.25538419E+01   -3.53255724E+00
     4.80435002E-01   -7.74304891E+00   -1.27461094E+01   -4.43827756E+00
     4.90141146E-01   -8.02438985E+00   -1.29670799E+01   -4.30521237E+00
     5.00076057E-01   -8.69907841E+00   -1.31677718E+01   -4.11483535E+00
     5.10821457E-01   -9.40928501E+00   -1.33810282E+01   -4.02167675E+00
     5.22403144E-01   -8.07207762E+00   -1.35887048E+01   -4.74253935E+00
     5.31827596E-01   -9.53427502E+00   -1.37934244E+01   -4.59470211E+00
     5.43164604E-01   -8.49095003E+00   -1.40041930E+01   -4.82177737E+00
     5.52826015E-01   -8.96184156E+00   -1.41985019E+01   -4.77932275E+00
     5.62970265E-01   -9.46886065E+00   -1.43924512E+01   -4.80309112E+00
     5.73634093E-01   -9.27132088E+00   -1.46168921E+01   -4.90095641E+00
     5.83849295E-01   -7.61860861E+00   -1.48060427E+01   -6.07551943E+00
     5.91685455E-01   -1.01917385E+01   -1.50148706E+01   -4.90873484E+00
     6.02784526E-01   -1.02397554E+01   -1.52131639E+01   -4.94512563E+00
     6.13764432E-01   -8.70437585E+00   -1.54049725E+01   -6.04819126E+00
     6.22593245E-01   -1.01009962E+01   -1.55976227E+01   -5.04550387E+00
     6.33057879E-01   -8.96099852E+00   -1.57990891E+01   -7.17645811E+00
     6.41926890E-01   -9.88956438E+00   -1.59965335E+01   -5.53686373E+00
     6.51810383E-01   -1.01314786E+01   -1.61812874E+01   -5.75208478E+00
     6.61838267E-01   -1.03463056E+01   -1.63654272E+01   -5.86868007E+00
     6.71974352E-01   -1.10601030E+01   -1.65601804E+01   -5.44846137E+00
     6.82814870E-01   -1.08013049E+01   -1.67478928E+01   -5.70668424E+00
     6.93188498E-01   -1.14174041E+01   -1.69395497E+01   -5.85873036E+00
     7.04130866E-01   -1.20970220E+01   -1.71210623E+01   -5.47458532E+00
     7.15698333E-01   -1.25880967E+01   -1.72962003E+01   -5.16721689E+00
     7.27655616E-01   -1.23176546E+01   -1.74660675E+01   -5.38804685E+00
     7.39126985E-01   -1.18539967E+01   -1.76338448E+01   -5.84889606E+00
     7.49903972E-01   -1.12239863E+01   -1.77935749E+01   -6.19287362E+00
     7.59813762E-01   -9.14897253E+00   -1.79605146E+01   -7.46595075E+00
     7.67296866E-01   -1.16057455E+01   -1.81298383E+01   -6.23319964E+00
     7.77282087E-01   -1.21365053E+01   -1.82945732E+01   -5.60809526E+00
     7.87631497E-01   -1.18660924E+01   -1.84332229E+01   -6.57906762E+00
     7.97472718E-01   -1.17567671E+01   -1.85950973E+01   -5.88235624E+00
     8.06947801E-01   -1.34065582E+01   -1.87310962E+01   -4.99812485E+00
     8.17729667E-01   -1.30330079E+01   -1.88833241E+01   -5.08610147E+00
     8.27653797E-01   -1.46863066E+01   -1.90335884E+01   -3.83029678E+00
     8.38189507E-01   -1.41036316E+01   -1.92621983E+01   -4.60862314E+00
     8.45767801E-01   -1.61201325E+01   -1.91710769E+01   -2.40704186E+00
     8.50583755E-01   -1.30260765E+01   -1.89237013E+01   -5.49668526E+00
     8.52727696E-01   -1.30145258E+01   -1.89897540E+01   -5.97522813E+00
     8.54737045E-01   -1.16701923E+01   -1.90813062E+01   -7.41111384E+00
     8.56491935E-01   -1.11050334E+01   -1.92199176E+01   -8.11266370E+00
     8.58179543E-01   -1.40622951E+01   -1.93819564E+01   -5.34791223E+00
     8.60544721E-01   -1.15130797E+01   -1.95416656E+01   -8.02858594E+00
     8.62483476E-01   -1.16809157E+01   -1.97275280E+01   -8.04661232E+00
     8.64589523E-01   -1.18590338E+01   -1.99462014E+01   -8.08716761E+00
     8.66907875E-01   -1.20558323E+01   -2.02079813E+01   -8.15214901E+00
     8.69500334E-01   -1.22816624E+01   -2.05274526E+01   -8.24579019E+00
     8.72456037E-01   -1.25682425E+01   -2.09278419E+01   -8.38730370E+00
     8.75917209E-01   -1.27579037E+01   -2.14216804E+01   -8.63408810E+00
     8.80043604E-01   -1.21978592E+01   -2.21028233E+01   -8.96231488E+00
     8.84793165E-01   -1.39059249E+01   -2.30868477E+01   -9.18092273E+00
     8.92078863E-01   -1.47809245E+01   -2.45113167E+01   -9.73039214E+00
     9.03723129E-01   -1.59077245E+01   -2.37427436E+01   -7.96547356E+00
     9.35337112E-01   -2.07478450E+01   -2.90216949E+01   -8.49255322E+00
     1.00000000E+00
