 297  -1
  0.561499432067D+00  5.517171774449D+06  2.014148661447D+10  1.114792906654D+33
  0.470722360543D+00  5.255614622569D+06  2.112014202524D+10  1.116170983028D+33
  0.395415094019D+00  5.010638037798D+06  2.213097566667D+10  1.117483436718D+33
  0.332828593711D+00  4.781002019966D+06  2.317437673607D+10  1.118733392612D+33
  0.280728416185D+00  4.565532041735D+06  2.425064959245D+10  1.119923826798D+33
  0.237275859136D+00  4.363253605566D+06  2.536001570378D+10  1.121057573641D+33
  0.200982779589D+00  4.173002839406D+06  2.650258852117D+10  1.122137332540D+33
  0.170599258994D+00  3.993877165394D+06  2.767840850314D+10  1.123165674348D+33
  0.145140057375D+00  3.824896645056D+06  2.888738139428D+10  1.124145047499D+33
  0.123773697552D+00  3.665093030322D+06  3.012918897665D+10  1.125077783833D+33
  0.105801304157D+00  3.513843235884D+06  3.140340693726D+10  1.125966104151D+33
  9.066093736524D-02  3.370502708410D+06  3.270949115159D+10  1.126812123501D+33
  7.788369138751D-02  3.234464099563D+06  3.404671670276D+10  1.127617856216D+33
  6.707547070483D-02  3.105215501552D+06  3.541425195352D+10  1.128385220706D+33
  5.792189794066D-02  2.981985698645D+06  3.681109190832D+10  1.129116044030D+33
  5.015993461766D-02  2.864208647286D+06  3.823593164270D+10  1.129812066243D+33
  4.355385670908D-02  2.751577677162D+06  3.968740894062D+10  1.130474944542D+33
  3.792242061977D-02  2.643914241979D+06  4.116414688649D+10  1.131106257207D+33
  3.310681046998D-02  2.540991688509D+06  4.266470429103D+10  1.131707507364D+33
  2.897727932997D-02  2.442561032128D+06  4.418770559337D+10  1.132280126562D+33
  2.542773674288D-02  2.348536494496D+06  4.573177446662D+10  1.132825478178D+33
  2.236433276629D-02  2.258750562524D+06  4.729567389886D+10  1.133344860670D+33
  1.971766852833D-02  2.172964668686D+06  4.887819294284D+10  1.133839510663D+33
  1.742049892022D-02  2.091088023299D+06  5.047821366153D+10  1.134310605894D+33
  1.542424607125D-02  2.012952437503D+06  5.209474473063D+10  1.134759268018D+33
  1.368225570885D-02  1.938528741218D+06  5.372689233460D+10  1.135186565280D+33
  1.215767992229D-02  1.867873041874D+06  5.537405092962D+10  1.135593515053D+33
  1.081918545162D-02  1.800868320349D+06  5.703582808986D+10  1.135981086265D+33
  9.641954088603D-03  1.737337192639D+06  5.871195585821D+10  1.136350201705D+33
  8.604405464023D-03  1.677039074085D+06  6.040220478879D+10  1.136701740220D+33
  7.688918736830D-03  1.619756094229D+06  6.210633525031D+10  1.137036538805D+33
  6.878857050308D-03  1.565343211964D+06  6.382418178425D+10  1.137355394601D+33
  6.161690119859D-03  1.513648771890D+06  6.555561066625D+10  1.137659066787D+33
  5.525118797269D-03  1.464468156968D+06  6.730051046873D+10  1.137948278393D+33
  4.960114391952D-03  1.417653012146D+06  6.905874651336D+10  1.138223718017D+33
  4.457000662720D-03  1.373066476145D+06  7.083023315221D+10  1.138486041469D+33
  4.009401806568D-03  1.330550105985D+06  7.261486411539D+10  1.138735873328D+33
  3.610004024304D-03  1.289945539225D+06  7.441249358187D+10  1.138973808432D+33
  3.253856241540D-03  1.251127192486D+06  7.622296522238D+10  1.139200413293D+33
  2.935365588522D-03  1.214014835684D+06  7.804610697075D+10  1.139416227446D+33
  2.650635946751D-03  1.178489763702D+06  7.988177408244D+10  1.139621764735D+33
  2.395587459766D-03  1.144464491809D+06  8.172977093562D+10  1.139817514534D+33
  2.166977504041D-03  1.111822037956D+06  8.358994643799D+10  1.140003942914D+33
  1.962010792967D-03  1.080495750909D+06  8.546203932673D+10  1.140181493752D+33
  1.777709662602D-03  1.050422622255D+06  8.734589215339D+10  1.140350589788D+33
  1.612207837193D-03  1.021527469899D+06  8.924131240303D+10  1.140511633632D+33
  1.463118061491D-03  9.937447732096D+05  9.114809989765D+10  1.140665008721D+33
  1.328844695455D-03  9.670689954872D+05  9.306615449925D+10  1.140811080235D+33
  1.207657005760D-03  9.414893701388D+05  9.499538931776D+10  1.140950195963D+33
  1.098181381410D-03  9.169423903837D+05  9.693584474091D+10  1.141082687131D+33
  9.993307876761D-04  8.933767321131D+05  9.888745550738D+10  1.141208869197D+33
  9.097769755146D-04  8.707397039613D+05  1.008502789737D+11  1.141329042593D+33
  8.288239816300D-04  8.489784705472D+05  1.028243417994D+11  1.141443493446D+33
  7.554757581616D-04  8.280412024362D+05  1.048095474151D+11  1.141552494259D+33
  6.890046819942D-04  8.078910545040D+05  1.068059001359D+11  1.141656304557D+33
  6.287894188230D-04  7.884774191814D+05  1.088132584798D+11  1.141755171507D+33
  5.740832380872D-04  7.697573500099D+05  1.108315844985D+11  1.141849330507D+33
  5.244810702459D-04  7.517006563176D+05  1.128608020425D+11  1.141939005745D+33
  4.794150416337D-04  7.342651146194D+05  1.149007166345D+11  1.142024410734D+33
  4.384569817256D-04  7.174193937467D+05  1.169512303406D+11  1.142105748819D+33
  4.012584918839D-04  7.011435763214D+05  1.190120922912D+11  1.142183213661D+33
  3.673611676199D-04  6.854012910054D+05  1.210831764778D+11  1.142256989702D+33
  3.365397865275D-04  6.701671969045D+05  1.231643513873D+11  1.142327252597D+33
  3.084757451074D-04  6.554288660480D+05  1.252552995837D+11  1.142394169641D+33
  2.828708597706D-04  6.411613929300D+05  1.273559039133D+11  1.142457900158D+33
  2.595681445774D-04  6.273271742492D+05  1.294658949297D+11  1.142518595889D+33
  2.382912848103D-04  6.139125571993D+05  1.315849603751D+11  1.142576401348D+33
  2.188740569332D-04  6.009018145929D+05  1.337129315974D+11  1.142631454165D+33
  2.011744070711D-04  5.882696625381D+05  1.358493821557D+11  1.142683885419D+33
  1.849723970521D-04  5.760056234435D+05  1.379940522368D+11  1.142733819948D+33
  1.701798224421D-04  5.640998524867D+05  1.401467266246D+11  1.142781376641D+33
  1.566610129240D-04  5.525380720793D+05  1.423069390279D+11  1.142826668730D+33
  1.442681578474D-04  5.413010842559D+05  1.444744831790D+11  1.142869804053D+33
  1.329434838396D-04  5.303753676686D+05  1.466490487263D+11  1.142910885313D+33
  1.225709948849D-04  5.197497982309D+05  1.488301456745D+11  1.142950010322D+33
  1.130540597849D-04  5.094158570045D+05  1.510175452577D+11  1.142987272236D+33
  1.043424158909D-04  4.993652745901D+05  1.532108735908D+11  1.143022759773D+33
  9.634844896555D-05  4.895744281473D+05  1.554096677752D+11  1.143056557427D+33
  8.901070438699D-05  4.800292302304D+05  1.576136120249D+11  1.143088745669D+33
  8.230595762549D-05  4.707218209470D+05  1.598219206506D+11  1.143119401138D+33
  7.624926688670D-05  4.616280654780D+05  1.620322954145D+11  1.143148596822D+33
  7.053863642876D-05  4.527416863912D+05  1.642449992124D+11  1.143176402236D+33
  6.532212788524D-05  4.440604410757D+05  1.664612058017D+11  1.143202883582D+33
  6.051918180290D-05  4.355708448119D+05  1.686799981309D+11  1.143228103912D+33
  5.609832716176D-05  4.272720147484D+05  1.709010111190D+11  1.143252123274D+33
  5.203658587092D-05  4.191576524529D+05  1.731236112309D+11  1.143274998857D+33
  4.829187896407D-05  4.112169353424D+05  1.753472070876D+11  1.143296785126D+33
  4.483862272760D-05  4.034438061912D+05  1.775714292999D+11  1.143317533954D+33
  4.166062694312D-05  3.958398009142D+05  1.797956751009D+11  1.143337294742D+33
  3.872553879006D-05  3.884129360457D+05  1.820193766027D+11  1.143356114541D+33
  3.600985704809D-05  3.811664430660D+05  1.842423249168D+11  1.143374038158D+33
  3.350498744366D-05  3.740931443989D+05  1.864641329698D+11  1.143391108270D+33
  3.118996641391D-05  3.671865467532D+05  1.886842425038D+11  1.143407365520D+33
  2.904205882029D-05  3.604410901625D+05  1.909024898331D+11  1.143422848615D+33
  2.705832374948D-05  3.538553519765D+05  1.931185899850D+11  1.143437594419D+33
  2.522398296419D-05  3.474272499143D+05  1.953319165187D+11  1.143451638043D+33
  2.351762669439D-05  3.411481832999D+05  1.975423318991D+11  1.143465012922D+33
  2.193892190851D-05  3.350151607032D+05  1.997496811710D+11  1.143477750902D+33
  2.047744525443D-05  3.290251962443D+05  2.019533678914D+11  1.143489882312D+33
  1.911844417833D-05  3.231748437087D+05  2.041531117872D+11  1.143501436036D+33
  1.785619259687D-05  3.174592944041D+05  2.063488244376D+11  1.143512439583D+33
  1.668681029826D-05  3.118726035697D+05  2.085400771101D+11  1.143522919151D+33
  1.560069986445D-05  3.064115478653D+05  2.107263723002D+11  1.143532899691D+33
  1.458783379819D-05  3.010734917495D+05  2.129076407622D+11  1.143542404969D+33
  1.364819184869D-05  2.958547327559D+05  2.150836759510D+11  1.143551457613D+33
  1.277598230741D-05  2.907492336517D+05  2.172538710009D+11  1.143560079180D+33
  1.196145843104D-05  2.857543542095D+05  2.194180349305D+11  1.143568290196D+33
  1.120368680857D-05  2.808664395986D+05  2.215760889016D+11  1.143576110211D+33
  1.049952502498D-05  2.760845569643D+05  2.237275489348D+11  1.143583557844D+33
  9.843492269472D-06  2.714053283575D+05  2.258719723826D+11  1.143590650828D+33
  9.229787157523D-06  2.668254270262D+05  2.280093296726D+11  1.143597406051D+33
  8.659030621153D-06  2.623420339230D+05  2.301394262919D+11  1.143603839597D+33
  8.127798755381D-06  2.579506259045D+05  2.322616670353D+11  1.143609966783D+33
  7.630681426222D-06  2.536499020861D+05  2.343758209810D+11  1.143615802199D+33
  7.166356873612D-06  2.494364173259D+05  2.364818502676D+11  1.143621359737D+33
  6.734023720656D-06  2.453005792577D+05  2.385793390179D+11  1.143626652631D+33
  6.331415589286D-06  2.412381829435D+05  2.406676228714D+11  1.143631693483D+33
  5.953077533691D-06  2.372483632139D+05  2.427465844500D+11  1.143636494294D+33
  5.600500009526D-06  2.333283237474D+05  2.448161161107D+11  1.143641066494D+33
  5.271727281116D-06  2.294745736526D+05  2.468755712262D+11  1.143645420971D+33
  4.964596334033D-06  2.256865914658D+05  2.489244071992D+11  1.143649568092D+33
  4.675928365217D-06  2.219625948099D+05  2.509625268825D+11  1.143653517731D+33
  4.406450768320D-06  2.183001413102D+05  2.529897553464D+11  1.143657279292D+33
  4.154914000603D-06  2.146981217048D+05  2.550054558062D+11  1.143660861731D+33
  3.919237680774D-06  2.111569275762D+05  2.570091657263D+11  1.143664273578D+33
  3.697513530645D-06  2.076738955595D+05  2.590008477013D+11  1.143667522956D+33
  3.490227142955D-06  2.042471245166D+05  2.609803035031D+11  1.143670617601D+33
  3.296391720350D-06  2.008761758116D+05  2.629469456561D+11  1.143673564882D+33
  3.114537638912D-06  1.975571185540D+05  2.649003470416D+11  1.143676371817D+33
  2.943242098289D-06  1.942882275751D+05  2.668404514544D+11  1.143679045088D+33
  2.782907528651D-06  1.910673638510D+05  2.687670447173D+11  1.143681591061D+33
  2.632803670970D-06  1.878910968147D+05  2.706795430625D+11  1.143684015796D+33
  2.491953956376D-06  1.847599096840D+05  2.725774612635D+11  1.143686325069D+33
  2.358846453231D-06  1.816748881454D+05  2.744607750970D+11  1.143688524375D+33
  2.234091083675D-06  1.786326228550D+05  2.763293745065D+11  1.143690618953D+33
  2.117101997155D-06  1.756328270178D+05  2.781827198490D+11  1.143692613789D+33
  2.007275438693D-06  1.726775719320D+05  2.800203235018D+11  1.143694513633D+33
  1.903198747570D-06  1.697651780983D+05  2.818421851981D+11  1.143696323008D+33
  1.805372463054D-06  1.668956253804D+05  2.836483434233D+11  1.143698046223D+33
  1.713425652814D-06  1.640681749920D+05  2.854384127545D+11  1.143699687379D+33
  1.626963663112D-06  1.612832282433D+05  2.872120019936D+11  1.143701250385D+33
  1.545208682403D-06  1.585401250334D+05  2.889689709556D+11  1.143702738963D+33
  1.467810088284D-06  1.558429601341D+05  2.907094637099D+11  1.143704156656D+33
  1.394815862231D-06  1.531978737657D+05  2.924334841258D+11  1.143705506839D+33
  1.325957096360D-06  1.506043963889D+05  2.941408530553D+11  1.143706792728D+33
  1.260906757815D-06  1.480641388986D+05  2.958314418560D+11  1.143708017385D+33
  1.198834170783D-06  1.455753533499D+05  2.975055894639D+11  1.143709183724D+33
  1.140216236782D-06  1.431358973668D+05  2.991636031867D+11  1.143710294523D+33
  1.084790747422D-06  1.407462409322D+05  3.008053836794D+11  1.143711352427D+33
  1.032373335399D-06  1.384066772305D+05  3.024308719050D+11  1.143712359955D+33
  9.825678916939D-07  1.361162716920D+05  3.040401858975D+11  1.143713319505D+33
  9.351357183992D-07  1.338748154042D+05  3.056337049351D+11  1.143714233363D+33
  8.902346762100D-07  1.316807822970D+05  3.072116448286D+11  1.143715103703D+33
  8.477075396876D-07  1.295337464910D+05  3.087739869346D+11  1.143715932599D+33
  8.073938315519D-07  1.274337570999D+05  3.103207484058D+11  1.143716722023D+33
  7.689209108215D-07  1.253784670890D+05  3.118522161860D+11  1.143717473856D+33
  7.323299324083D-07  1.233683653516D+05  3.133687877422D+11  1.143718189887D+33
  6.976258349335D-07  1.214052092108D+05  3.148706149392D+11  1.143718871822D+33
  6.646814654142D-07  1.194871572340D+05  3.163577642529D+11  1.143719521283D+33
  6.334039931268D-07  1.176131236680D+05  3.178303243287D+11  1.143720139818D+33
  6.034209546192D-07  1.157828103199D+05  3.192887181407D+11  1.143720728898D+33
  5.749399857252D-07  1.139944010788D+05  3.207333788620D+11  1.143721289927D+33
  5.478988225235D-07  1.122465034373D+05  3.221643889232D+11  1.143721824241D+33
  5.222161617296D-07  1.105383334236D+05  3.235818123653D+11  1.143722333111D+33
  4.977695532721D-07  1.088691029279D+05  3.249857876291D+11  1.143722817749D+33
  4.743394942230D-07  1.072373188332D+05  3.263767493746D+11  1.143723279309D+33
  4.520979119766D-07  1.056408582871D+05  3.277550339363D+11  1.143723718890D+33
  4.309610554980D-07  1.040799849950D+05  3.291206836156D+11  1.143724137539D+33
  4.108738193255D-07  1.025530103648D+05  3.304737666850D+11  1.143724536252D+33
  3.917167303254D-07  1.010585691422D+05  3.318144551735D+11  1.143724915978D+33
  3.733886746906D-07  9.959650176425D+04  3.331431282088D+11  1.143725277623D+33
  3.559738403692D-07  9.816652300654D+04  3.344600408634D+11  1.143725622046D+33
  3.394058312985D-07  9.676972391596D+04  3.357652608239D+11  1.143725950068D+33
  3.236471234003D-07  9.540447605608D+04  3.370588788920D+11  1.143726262470D+33
  3.085678089521D-07  9.407012542700D+04  3.383411557566D+11  1.143726559996D+33
  2.941591464694D-07  9.276606380591D+04  3.396124882586D+11  1.143726843354D+33
  2.804566385834D-07  9.149037754253D+04  3.408730800034D+11  1.143727113218D+33
  2.674270860831D-07  9.024271455285D+04  3.421229795107D+11  1.143727370232D+33
  2.550273578586D-07  8.902247815061D+04  3.433622481332D+11  1.143727615007D+33
  2.431432119625D-07  8.782834840352D+04  3.445911737105D+11  1.143727848127D+33
  2.318040501681D-07  8.665912888984D+04  3.458101181508D+11  1.143728070145D+33
  2.210271692803D-07  8.551417991931D+04  3.470191940938D+11  1.143728281591D+33
  2.107734641873D-07  8.439255777415D+04  3.482184249802D+11  1.143728482968D+33
  2.010215515553D-07  8.329350297692D+04  3.494078468625D+11  1.143728674756D+33
  1.916560862600D-07  8.221659621903D+04  3.505877542925D+11  1.143728857411D+33
  1.827382921852D-07  8.116094476898D+04  3.517584748618D+11  1.143729031368D+33
  1.742606230780D-07  8.012589843691D+04  3.529200467943D+11  1.143729197041D+33
  1.661965177079D-07  7.911085725157D+04  3.540724728989D+11  1.143729354826D+33
  1.585266716588D-07  7.811513391784D+04  3.552157629070D+11  1.143729505096D+33
  1.511488932069D-07  7.713681577854D+04  3.563502258479D+11  1.143729648211D+33
  1.441420004896D-07  7.617490466651D+04  3.574761320225D+11  1.143729784511D+33
  1.374812851531D-07  7.522969391941D+04  3.585934283944D+11  1.143729914321D+33
  1.311493213320D-07  7.430057254473D+04  3.597020811055D+11  1.143730037949D+33
  1.251193819798D-07  7.338682666032D+04  3.608020971381D+11  1.143730155690D+33
  1.193292447764D-07  7.248754636180D+04  3.618937407198D+11  1.143730267824D+33
  1.138267405471D-07  7.160246796171D+04  3.629772221907D+11  1.143730374619D+33
  1.085980491248D-07  7.073154219382D+04  3.640524780347D+11  1.143730476328D+33
  1.036279959658D-07  6.987440494278D+04  3.651194441503D+11  1.143730573194D+33
  9.888640647287D-08  6.903078824576D+04  3.661781506270D+11  1.143730665447D+33
  9.433628571183D-08  6.819980366860D+04  3.672288617352D+11  1.143730753307D+33
  9.001429353972D-08  6.738144974068D+04  3.682717331230D+11  1.143730836983D+33
  8.590572472588D-08  6.657544064252D+04  3.693066835107D+11  1.143730916675D+33
  8.199934423674D-08  6.578113022631D+04  3.703336495897D+11  1.143730992572D+33
  7.827120075461D-08  6.499825534815D+04  3.713526572511D+11  1.143731064855D+33
  7.469346504399D-08  6.422701159658D+04  3.723639510165D+11  1.143731133696D+33
  7.129514821944D-08  6.346674173519D+04  3.733676627884D+11  1.143731199258D+33
  6.806738365686D-08  6.271516308864D+04  3.743636770876D+11  1.143731261699D+33
  6.500512074606D-08  6.196882097022D+04  3.753518452039D+11  1.143731321166D+33
  6.208828131134D-08  6.122562110606D+04  3.763320769847D+11  1.143731377802D+33
  5.930003419557D-08  6.048522025611D+04  3.773044487618D+11  1.143731431740D+33
  5.665899902069D-08  5.974663811141D+04  3.782689089551D+11  1.143731483110D+33
  5.415859781385D-08  5.900933971846D+04  3.792251863139D+11  1.143731532034D+33
  5.178828925301D-08  5.827349405899D+04  3.801730216820D+11  1.143731578628D+33
  4.953477462752D-08  5.753848810096D+04  3.811122403297D+11  1.143731623003D+33
  4.737748068184D-08  5.680355741223D+04  3.820428687581D+11  1.143731665266D+33
  4.533598094426D-08  5.606867233314D+04  3.829648350419D+11  1.143731705515D+33
  4.340370919054D-08  5.533327431912D+04  3.838778288461D+11  1.143731743849D+33
  4.157423406623D-08  5.459721941120D+04  3.847815471050D+11  1.143731780356D+33
  3.984104459190D-08  5.386021462207D+04  3.856757026282D+11  1.143731815125D+33
  3.817679230244D-08  5.312226716393D+04  3.865602742933D+11  1.143731848239D+33
  3.660217560669D-08  5.238308885953D+04  3.874352165763D+11  1.143731879776D+33
  3.511279338259D-08  5.164197151609D+04  3.883001992087D+11  1.143731909811D+33
  3.370440783051D-08  5.089873560265D+04  3.891548830796D+11  1.143731938416D+33
  3.237157971816D-08  5.015330743271D+04  3.899989402387D+11  1.143731965658D+33
  3.110207175497D-08  4.940691500209D+04  3.908321681799D+11  1.143731991604D+33
  2.989111960646D-08  4.866061784723D+04  3.916544979665D+11  1.143732016313D+33
  2.874484512462D-08  4.791437998068D+04  3.924657592148D+11  1.143732039847D+33
  2.765998109639D-08  4.716869732059D+04  3.932656571036D+11  1.143732062259D+33
  2.663134907888D-08  4.642427095342D+04  3.940539281531D+11  1.143732083604D+33
  2.565589287258D-08  4.568121580806D+04  3.948303450878D+11  1.143732103933D+33
  2.472473501776D-08  4.493996399646D+04  3.955947826902D+11  1.143732123294D+33
  2.383364134585D-08  4.420081801149D+04  3.963472473813D+11  1.143732141733D+33
  2.298585543978D-08  4.346420039626D+04  3.970876998274D+11  1.143732159294D+33
  2.217812010518D-08  4.273076342803D+04  3.978160411402D+11  1.143732176018D+33
  2.140607079556D-08  4.200074225371D+04  3.985322356466D+11  1.143732191947D+33
  2.066636579911D-08  4.127503954177D+04  3.992363198704D+11  1.143732207116D+33
  1.995500431285D-08  4.055470794111D+04  3.999284045344D+11  1.143732221564D+33
  1.926067817698D-08  3.984045066605D+04  4.006088211377D+11  1.143732235323D+33
  1.858831397966D-08  3.913709413012D+04  4.012779782805D+11  1.143732248427D+33
  1.793412947840D-08  3.844978234608D+04  4.019362378356D+11  1.143732260907D+33
  1.729745135061D-08  3.777886218438D+04  4.025840139979D+11  1.143732272793D+33
  1.667756528534D-08  3.712444935602D+04  4.032217222677D+11  1.143732284113D+33
  1.607440844181D-08  3.648658417008D+04  4.038497695568D+11  1.143732294894D+33
  1.548376257541D-08  3.586493023057D+04  4.044686249245D+11  1.143732305161D+33
  1.490773998149D-08  3.525905357822D+04  4.050787810881D+11  1.143732314940D+33
  1.434965056524D-08  3.466824213747D+04  4.056806050241D+11  1.143732324253D+33
  1.380892150535D-08  3.409173835934D+04  4.062743853432D+11  1.143732333122D+33
  1.328553451759D-08  3.352895784479D+04  4.068603967752D+11  1.143732341569D+33
  1.277898939672D-08  3.297932403879D+04  4.074388989338D+11  1.143732349614D+33
  1.228586270914D-08  3.244239987508D+04  4.080102144935D+11  1.143732357276D+33
  1.180760734340D-08  3.191698413080D+04  4.085746893212D+11  1.143732364573D+33
  1.134655716883D-08  3.140148505163D+04  4.091325591148D+11  1.143732371522D+33
  1.090236941529D-08  3.089470103064D+04  4.096839839861D+11  1.143732378141D+33
  1.047479675028D-08  3.039538105196D+04  4.102291060246D+11  1.143732384444D+33
  1.006332776933D-08  2.990305645494D+04  4.107680533035D+11  1.143732390447D+33
  9.663886668007D-09  2.941715415694D+04  4.113010444284D+11  1.143732396165D+33
  9.279426318787D-09  2.893656449086D+04  4.118283000881D+11  1.143732401610D+33
  8.910285149773D-09  2.846063986013D+04  4.123499221221D+11  1.143732406795D+33
  8.555616623993D-09  2.798930183824D+04  4.128659920451D+11  1.143732411734D+33
  8.214707904913D-09  2.752233170895D+04  4.133766015930D+11  1.143732416438D+33
  7.886589217372D-09  2.705899938075D+04  4.138818596557D+11  1.143732420917D+33
  7.568967911488D-09  2.659870086274D+04  4.143819475399D+11  1.143732425184D+33
  7.264331370552D-09  2.614047547054D+04  4.148770109654D+11  1.143732429247D+33
  6.972463254023D-09  2.568283063816D+04  4.153670893569D+11  1.143732433117D+33
  6.693213887525D-09  2.522414359841D+04  4.158521959945D+11  1.143732436802D+33
  6.426542816886D-09  2.476219948399D+04  4.163323101537D+11  1.143732440312D+33
  6.171246377673D-09  2.429426769484D+04  4.168074153666D+11  1.143732443655D+33
  5.928119616425D-09  2.381725970890D+04  4.172774677611D+11  1.143732446838D+33
  5.698648028252D-09  2.332745339439D+04  4.177422883204D+11  1.143732449870D+33
  5.483229618654D-09  2.282038823808D+04  4.182015675045D+11  1.143732452758D+33
  5.282805525571D-09  2.229057399262D+04  4.186548773546D+11  1.143732455508D+33
  5.098498376656D-09  2.173084963130D+04  4.191016349136D+11  1.143732458127D+33
  4.932508845635D-09  2.113015916089D+04  4.195410419137D+11  1.143732460622D+33
  4.790093601766D-09  2.046950331519D+04  4.199718997160D+11  1.143732462997D+33
  4.683065433963D-09  1.971466309783D+04  4.203921918387D+11  1.143732465260D+33
  4.636852508454D-09  1.879604366969D+04  4.207982757874D+11  1.143732467415D+33
  4.725603677534D-09  1.753415772882D+04  4.211827077261D+11  1.143732469467D+33
  5.270443056136D-09  1.516080933652D+04  4.215264120366D+11  1.143732471421D+33
  1.631557592616D-08  8.477423317113D+03  4.217343837953D+11  1.143732473283D+33
  1.914795913372D-08  6.966335912068D+03  4.218255632036D+11  1.143732475099D+33
  1.923477779718D-08  6.440573819012D+03  4.219071163845D+11  1.143732476870D+33
  1.861981603143D-08  6.139936941741D+03  4.219877616819D+11  1.143732478599D+33
  1.767497484166D-08  5.937267476165D+03  4.220698135545D+11  1.143732480285D+33
  1.654520504901D-08  5.788487574767D+03  4.221547112631D+11  1.143732481930D+33
  1.530340023728D-08  5.673481147370D+03  4.222437009185D+11  1.143732483536D+33
  1.399143618557D-08  5.581716807324D+03  4.223380865265D+11  1.143732485101D+33
  1.263607346440D-08  5.507008236017D+03  4.224393988477D+11  1.143732486629D+33
  1.125580148602D-08  5.445270039024D+03  4.225495752383D+11  1.143732488120D+33
  9.864322544561D-09  5.393694839313D+03  4.226712141296D+11  1.143732489574D+33
  8.471433528089D-09  5.350363549600D+03  4.228080023141D+11  1.143732490992D+33
  7.084755451708D-09  5.313918171893D+03  4.229655075656D+11  1.143732492376D+33
  5.710230301078D-09  5.283399609525D+03  4.231528141262D+11  1.143732493727D+33
  4.352784401367D-09  5.258171994306D+03  4.233864204362D+11  1.143732495044D+33
  3.016583235640D-09  5.237907627148D+03  4.237017490776D+11  1.143732496329D+33
  1.706109895941D-09  5.222653626342D+03  4.242030788508D+11  1.143732497583D+33
  4.274840375570D-10  5.213557774573D+03  4.257458347515D+11  1.143732498807D+33
