 295  -1
  0.541652177490D+00  5.462455635836D+06  2.031072399431D+10  1.115515549120D+33
  0.455028142314D+00  5.206767542439D+06  2.128314031831D+10  1.116859214075D+33
  0.383025286338D+00  4.967185216249D+06  2.228680178820D+10  1.118138894984D+33
  0.323073079446D+00  4.742498438310D+06  2.332202975020D+10  1.119357638707D+33
  0.273055782560D+00  4.531466986566D+06  2.438908495057D+10  1.120518347015D+33
  0.231265359176D+00  4.333108676738D+06  2.548814260802D+10  1.121623783498D+33
  0.196290299675D+00  4.146493320741D+06  2.661925697756D+10  1.122676580149D+33
  0.166953797630D+00  3.970689942985D+06  2.778242394814D+10  1.123679243627D+33
  0.142320605218D+00  3.804718939665D+06  2.897751850563D+10  1.124634161224D+33
  0.121607690142D+00  3.647639838698D+06  3.020420167916D+10  1.125543606554D+33
  0.104154759635D+00  3.498855832933D+06  3.146200122560D+10  1.126409744965D+33
  8.941937364660D-02  3.357812390470D+06  3.275036148120D+10  1.127234638689D+33
  7.695978629874D-02  3.223896646369D+06  3.406857897567D+10  1.128020251759D+33
  6.640265136099D-02  3.096543125767D+06  3.541580079490D+10  1.128768454683D+33
  5.744435255860D-02  2.975030248169D+06  3.679101219594D+10  1.129481028897D+33
  4.983384021310D-02  2.858838903693D+06  3.819293378919D+10  1.130159671005D+33
  4.334506157674D-02  2.747670705428D+06  3.962022512590D+10  1.130805996822D+33
  3.780302360346D-02  2.641371582594D+06  4.107154708923D+10  1.131421545220D+33
  3.305558579260D-02  2.539711790956D+06  4.254550469333D+10  1.132007781789D+33
  2.897735197569D-02  2.442445498523D+06  4.404076211268D+10  1.132566102331D+33
  2.546602221637D-02  2.349492573442D+06  4.555598659991D+10  1.133097836180D+33
  2.243066531389D-02  2.260692768618D+06  4.708997787072D+10  1.133604249370D+33
  1.980421671003D-02  2.175805127102D+06  4.864155636052D+10  1.134086547646D+33
  1.752103097124D-02  2.094742061152D+06  5.020963542972D+10  1.134545879338D+33
  1.553419146312D-02  2.017344582466D+06  5.179324531209D+10  1.134983338092D+33
  1.379777649244D-02  1.943575865541D+06  5.339151467532D+10  1.135399965476D+33
  1.227634905725D-02  1.873490084628D+06  5.500383575215D+10  1.135796753462D+33
  1.093862598738D-02  1.806980520764D+06  5.662980995702D+10  1.136174646781D+33
  9.760750959762D-03  1.743888197930D+06  5.826916326872D+10  1.136534545180D+33
  8.721115419469D-03  1.683972988940D+06  5.992166118803D+10  1.136877305561D+33
  7.802789268155D-03  1.627042251873D+06  6.158706092985D+10  1.137203744018D+33
  6.988870864745D-03  1.572951606271D+06  6.326521399945D+10  1.137514637787D+33
  6.267858388657D-03  1.521506327584D+06  6.495596190431D+10  1.137810727091D+33
  5.626828922857D-03  1.472536819777D+06  6.665916807150D+10  1.138092716904D+33
  5.057254625688D-03  1.425922309205D+06  6.837472151210D+10  1.138361278631D+33
  4.549416454592D-03  1.381512607326D+06  7.010253152855D+10  1.138617051705D+33
  4.097159784743D-03  1.339125866208D+06  7.184248436816D+10  1.138860645108D+33
  3.693288117012D-03  1.298623434500D+06  7.359438370108D+10  1.139092638825D+33
  3.332616360982D-03  1.259885829316D+06  7.535806777132D+10  1.139313585222D+33
  3.009799963940D-03  1.222844051697D+06  7.713336982906D+10  1.139524010362D+33
  2.720680518281D-03  1.187398262797D+06  7.892018269967D+10  1.139724415258D+33
  2.461630162004D-03  1.153426065643D+06  8.071829979866D+10  1.139915277063D+33
  2.229017042044D-03  1.120833000214D+06  8.252755728438D+10  1.140097050211D+33
  2.020282862332D-03  1.089555553589D+06  8.434774149423D+10  1.140270167495D+33
  1.832351922495D-03  1.059525723020D+06  8.617869742020D+10  1.140435041098D+33
  1.663399417452D-03  1.030654906957D+06  8.802026456564D+10  1.140592063578D+33
  1.511175428148D-03  1.002878636473D+06  8.987217657085D+10  1.140741608796D+33
  1.373856910193D-03  9.761822115514D+05  9.173430606050D+10  1.140884032814D+33
  1.249925228014D-03  9.505667408907D+05  9.360652028782D+10  1.141019674736D+33
  1.137734437026D-03  9.259749103016D+05  9.548885188575D+10  1.141148857518D+33
  1.036333720117D-03  9.023630781734D+05  9.738132531107D+10  1.141271888740D+33
  9.444726772569D-04  8.796722012063D+05  9.928389472360D+10  1.141389061332D+33
  8.612706724757D-04  8.578441064106D+05  1.011965707568D+11  1.141500654276D+33
  7.858956468429D-04  8.368469127132D+05  1.031192364852D+11  1.141606933271D+33
  7.174175186642D-04  8.166378922870D+05  1.050519190215D+11  1.141708151362D+33
  6.553354336530D-04  7.971701043590D+05  1.069945930407D+11  1.141804549543D+33
  5.989224303957D-04  7.784010575305D+05  1.089471325224D+11  1.141896357335D+33
  5.476599140683D-04  7.602916288235D+05  1.109094994806D+11  1.141983793327D+33
  5.011154992228D-04  7.428027010348D+05  1.128814709353D+11  1.142067065700D+33
  4.586983131013D-04  7.259006365751D+05  1.148629627402D+11  1.142146372722D+33
  4.201529735662D-04  7.095518886158D+05  1.168538558413D+11  1.142221903220D+33
  3.850441978661D-04  6.937417038977D+05  1.188538734432D+11  1.142293837027D+33
  3.530373196855D-04  6.784446167008D+05  1.208629114482D+11  1.142362345415D+33
  3.238953397103D-04  6.636395568940D+05  1.228807271861D+11  1.142427591498D+33
  2.972787883542D-04  6.492993143049D+05  1.249071338305D+11  1.142489730625D+33
  2.730040340304D-04  6.354030195228D+05  1.269419901189D+11  1.142548910746D+33
  2.508709470780D-04  6.219304152447D+05  1.289849023288D+11  1.142605272767D+33
  2.306047463148D-04  6.088577891720D+05  1.310357182128D+11  1.142658950881D+33
  2.121134023647D-04  5.961672726921D+05  1.330942528525D+11  1.142710072895D+33
  1.952138708155D-04  5.838411630999D+05  1.351600569203D+11  1.142758760527D+33
  1.797317579706D-04  5.718700016598D+05  1.372329296189D+11  1.142805129700D+33
  1.655808903975D-04  5.602425432787D+05  1.393125864416D+11  1.142849290818D+33
  1.526169255302D-04  5.489408019981D+05  1.413986458524D+11  1.142891349025D+33
  1.407315223281D-04  5.379496347936D+05  1.434908928769D+11  1.142931404460D+33
  1.298529015958D-04  5.272611574243D+05  1.455889443197D+11  1.142969552494D+33
  1.198624890822D-04  5.168662639241D+05  1.476924662249D+11  1.143005883955D+33
  1.106956845448D-04  5.067566544084D+05  1.498012464642D+11  1.143040485346D+33
  1.022939935231D-04  4.969146833004D+05  1.519148177822D+11  1.143073439052D+33
  9.456464148488D-05  4.873161346690D+05  1.540328415052D+11  1.143104823533D+33
  8.747839275857D-05  4.779568463553D+05  1.561549166305D+11  1.143134713516D+33
  8.118367786824D-05  4.688189233711D+05  1.582776492884D+11  1.143163180166D+33
  7.505180257072D-05  4.598824610722D+05  1.604024640353D+11  1.143190291262D+33
  6.956151337237D-05  4.511537371627D+05  1.625314048651D+11  1.143216111352D+33
  6.449137387190D-05  4.426230653607D+05  1.646621013006D+11  1.143240701915D+33
  5.981298085066D-05  4.342802686707D+05  1.667945308561D+11  1.143264121499D+33
  5.550539953002D-05  4.261204021785D+05  1.689283607882D+11  1.143286425864D+33
  5.154256009931D-05  4.181359331682D+05  1.710629349568D+11  1.143307668116D+33
  4.788270838619D-05  4.103197739684D+05  1.731977520342D+11  1.143327898833D+33
  4.450558822761D-05  4.026673413102D+05  1.753324714058D+11  1.143347166183D+33
  4.139404348941D-05  3.951796097589D+05  1.774664888289D+11  1.143365516039D+33
  3.851522409333D-05  3.878649075956D+05  1.795993250684D+11  1.143382992093D+33
  3.584993350629D-05  3.807252609200D+05  1.817308033125D+11  1.143399635954D+33
  3.338874548381D-05  3.737535651372D+05  1.838605311610D+11  1.143415487250D+33
  3.111096580006D-05  3.669436365662D+05  1.859880135506D+11  1.143430583722D+33
  2.899584598112D-05  3.602901663058D+05  1.881131087861D+11  1.143444961315D+33
  2.704021775602D-05  3.537919880159D+05  1.902355428298D+11  1.143458654260D+33
  2.522993121671D-05  3.474471147218D+05  1.923547386538D+11  1.143471695160D+33
  2.354421854208D-05  3.412470689330D+05  1.944705775087D+11  1.143484115066D+33
  2.198296802975D-05  3.351887540814D+05  1.965829252246D+11  1.143495943547D+33
  2.053617444292D-05  3.292696915106D+05  1.986912321666D+11  1.143507208767D+33
  1.918982391423D-05  3.234869453185D+05  2.007952272485D+11  1.143517937548D+33
  1.793767268847D-05  3.178355718703D+05  2.028948436371D+11  1.143528155435D+33
  1.677651953520D-05  3.123098165724D+05  2.049897118491D+11  1.143537886755D+33
  1.569768818027D-05  3.069065937371D+05  2.070793303932D+11  1.143547154680D+33
  1.468993438981D-05  3.016235817562D+05  2.091636514916D+11  1.143555981274D+33
  1.375422366692D-05  2.964563086892D+05  2.112425375191D+11  1.143564387555D+33
  1.288481442011D-05  2.913994291200D+05  2.133154279523D+11  1.143572393537D+33
  1.207295562550D-05  2.864509761680D+05  2.153820932435D+11  1.143580018281D+33
  1.131619481979D-05  2.816072746604D+05  2.174424751416D+11  1.143587279942D+33
  1.061233137299D-05  2.768677555998D+05  2.194962015640D+11  1.143594195810D+33
  9.957063485415D-06  2.722269101299D+05  2.215427632980D+11  1.143600782351D+33
  9.342549699132D-06  2.676830484989D+05  2.235821432152D+11  1.143607055247D+33
  8.770492357667D-06  2.632348755468D+05  2.256142833538D+11  1.143613029434D+33
  8.237652999054D-06  2.588766835999D+05  2.276386382083D+11  1.143618719136D+33
  7.739540991692D-06  2.546061507134D+05  2.296548806252D+11  1.143624137899D+33
  7.273000714033D-06  2.504219907039D+05  2.316629918245D+11  1.143629298626D+33
  6.838134737734D-06  2.463176520124D+05  2.336627324407D+11  1.143634213604D+33
  6.432955531084D-06  2.422843797065D+05  2.356534925466D+11  1.143638894536D+33
  6.052725083877D-06  2.383208370330D+05  2.376350287416D+11  1.143643352566D+33
  5.697259571917D-06  2.344260526982D+05  2.396072654585D+11  1.143647598309D+33
  5.365620836830D-06  2.305957046132D+05  2.415697371507D+11  1.143651641874D+33
  5.056062045210D-06  2.268300278738D+05  2.435218423780D+11  1.143655492888D+33
  4.764723748408D-06  2.231273557567D+05  2.454634467081D+11  1.143659160520D+33
  4.492253734579D-06  2.194854947456D+05  2.473944970083D+11  1.143662653504D+33
  4.237697370664D-06  2.159033135401D+05  2.493144817384D+11  1.143665980154D+33
  3.999748588195D-06  2.123789393852D+05  2.512228206046D+11  1.143669148393D+33
  3.775247619755D-06  2.089115372883D+05  2.531194408463D+11  1.143672165763D+33
  3.565111875689D-06  2.054996514864D+05  2.550043162827D+11  1.143675039449D+33
  3.368458152151D-06  2.021425730532D+05  2.568769427720D+11  1.143677776293D+33
  3.184296326776D-06  1.988390354110D+05  2.587368072885D+11  1.143680382811D+33
  3.010407363530D-06  1.955857253369D+05  2.605838313970D+11  1.143682865209D+33
  2.847415104971D-06  1.923790682237D+05  2.624179589970D+11  1.143685229398D+33
  2.694729732373D-06  1.892153576151D+05  2.642386936377D+11  1.143687481006D+33
  2.551612529414D-06  1.860953688705D+05  2.660455072079D+11  1.143689625394D+33
  2.416417096347D-06  1.830206093274D+05  2.678382562543D+11  1.143691667669D+33
  2.289266997024D-06  1.799899535695D+05  2.696169382445D+11  1.143693612693D+33
  2.169999701060D-06  1.770017390138D+05  2.713811810834D+11  1.143695465097D+33
  2.057952309268D-06  1.740559610907D+05  2.731305317486D+11  1.143697229291D+33
  1.952263156587D-06  1.711523959340D+05  2.748647710370D+11  1.143698909475D+33
  1.852355556948D-06  1.682891846275D+05  2.765839398935D+11  1.143700509651D+33
  1.758462822098D-06  1.654670580295D+05  2.782878902943D+11  1.143702033628D+33
  1.670136645545D-06  1.626859536245D+05  2.799762304825D+11  1.143703485035D+33
  1.586973837997D-06  1.599458029071D+05  2.816486274102D+11  1.143704867327D+33
  1.507857500069D-06  1.572500574969D+05  2.833052069992D+11  1.143706183796D+33
  1.433234177615D-06  1.546024427105D+05  2.849461534218D+11  1.143707437575D+33
  1.362823526206D-06  1.520045036387D+05  2.865712814643D+11  1.143708631651D+33
  1.296300083888D-06  1.494577206134D+05  2.881804538401D+11  1.143709768866D+33
  1.233165226317D-06  1.469616030055D+05  2.897737482992D+11  1.143710851928D+33
  1.173144774445D-06  1.445152017799D+05  2.913514718606D+11  1.143711883416D+33
  1.116400136592D-06  1.421182725964D+05  2.929137622599D+11  1.143712865785D+33
  1.062706445231D-06  1.397692833080D+05  2.944605540982D+11  1.143713801375D+33
  1.011876113040D-06  1.374688590023D+05  2.959918145862D+11  1.143714692413D+33
  9.633812323877D-07  1.352166658963D+05  2.975078029189D+11  1.143715541020D+33
  9.173249144114D-07  1.330126146861D+05  2.990088843231D+11  1.143716349218D+33
  8.737115536035D-07  1.308550594451D+05  3.004951316326D+11  1.143717118930D+33
  8.323707962241D-07  1.287426369686D+05  3.019665303382D+11  1.143717851989D+33
  7.931450654636D-07  1.266752974452D+05  3.034231214359D+11  1.143718550140D+33
  7.555735264263D-07  1.246525910316D+05  3.048652992574D+11  1.143719215046D+33
  7.199407142178D-07  1.226745955122D+05  3.062934319467D+11  1.143719848290D+33
  6.861187178022D-07  1.207416898139D+05  3.077075572963D+11  1.143720451380D+33
  6.539952682034D-07  1.188529771682D+05  3.091077490767D+11  1.143721025750D+33
  6.233984597648D-07  1.170072132520D+05  3.104941843838D+11  1.143721572770D+33
  5.941061865151D-07  1.152041998712D+05  3.118672942928D+11  1.143722093742D+33
  5.662973252713D-07  1.134420041365D+05  3.132273930146D+11  1.143722589905D+33
  5.398763196132D-07  1.117185312661D+05  3.145745318767D+11  1.143723062441D+33
  5.147694207023D-07  1.100333448113D+05  3.159087813755D+11  1.143723512476D+33
  4.907884574695D-07  1.083866212802D+05  3.172303701152D+11  1.143723941080D+33
  4.678691768022D-07  1.067763523608D+05  3.185397000543D+11  1.143724349275D+33
  4.460932727639D-07  1.052007321902D+05  3.198369995789D+11  1.143724738032D+33
  4.253901387113D-07  1.036599518893D+05  3.211223234856D+11  1.143725108276D+33
  4.057070484906D-07  1.021520686553D+05  3.223957365912D+11  1.143725460890D+33
  3.868751972789D-07  1.006757405422D+05  3.236574853351D+11  1.143725796713D+33
  3.689043545639D-07  9.923109829691D+04  3.249079223988D+11  1.143726116544D+33
  3.518130183854D-07  9.781842433042D+04  3.261472155574D+11  1.143726421146D+33
  3.355484100218D-07  9.643823983242D+04  3.273754415268D+11  1.143726711242D+33
  3.200659541100D-07  9.508910979024D+04  3.285926948616D+11  1.143726987524D+33
  3.052161094176D-07  9.377006100706D+04  3.297992900522D+11  1.143727250650D+33
  2.910528940263D-07  9.248026605367D+04  3.309955944032D+11  1.143727501246D+33
  2.775815602082D-07  9.121814657358D+04  3.321817313156D+11  1.143727739909D+33
  2.647639804827D-07  8.998317555949D+04  3.333577486637D+11  1.143727967207D+33
  2.525624292498D-07  8.877538041844D+04  3.345237101968D+11  1.143728183682D+33
  2.408335108649D-07  8.759332776337D+04  3.356799572973D+11  1.143728389848D+33
  2.296705554663D-07  8.643513952639D+04  3.368268250068D+11  1.143728586196D+33
  2.190527536986D-07  8.530047856736D+04  3.379643545703D+11  1.143728773195D+33
  2.089480552878D-07  8.418892308873D+04  3.390925785054D+11  1.143728951289D+33
  1.993304226300D-07  8.309961651039D+04  3.402115408316D+11  1.143729120902D+33
  1.900775565719D-07  8.203181742080D+04  3.413215691312D+11  1.143729282439D+33
  1.812799564804D-07  8.098488180127D+04  3.424229635718D+11  1.143729436283D+33
  1.729117092017D-07  7.995815515401D+04  3.435157215149D+11  1.143729582801D+33
  1.649502680092D-07  7.895092268130D+04  3.445998503756D+11  1.143729722343D+33
  1.573616163132D-07  7.796249448622D+04  3.456754051303D+11  1.143729855239D+33
  1.500722081604D-07  7.699110279136D+04  3.467426818957D+11  1.143729981807D+33
  1.431478600235D-07  7.603574551691D+04  3.478018902155D+11  1.143730102348D+33
  1.365622362481D-07  7.509673148662D+04  3.488529849049D+11  1.143730217149D+33
  1.302994083653D-07  7.417345879098D+04  3.498959430081D+11  1.143730326483D+33
  1.243244009343D-07  7.326521693746D+04  3.509308125006D+11  1.143730430611D+33
  1.185938120009D-07  7.237117023223D+04  3.519578457376D+11  1.143730529781D+33
  1.131464710535D-07  7.149100207254D+04  3.529772062722D+11  1.143730624228D+33
  1.079685019579D-07  7.062462706359D+04  3.539888373898D+11  1.143730714177D+33
  1.030445740426D-07  6.977180946822D+04  3.549926858892D+11  1.143730799844D+33
  9.833797153852D-08  6.893226394140D+04  3.559888247603D+11  1.143730881431D+33
  9.382800014081D-08  6.810501523535D+04  3.569775036903D+11  1.143730959132D+33
  8.954227159446D-08  6.729022702190D+04  3.579588356525D+11  1.143731033134D+33
  8.546595102738D-08  6.648759243912D+04  3.589327576015D+11  1.143731103612D+33
  8.158974120657D-08  6.569626484344D+04  3.598992165764D+11  1.143731170734D+33
  7.788408076487D-08  6.491613308772D+04  3.608582697259D+11  1.143731234659D+33
  7.433157751644D-08  6.414740952808D+04  3.618101545978D+11  1.143731295541D+33
  7.095626428411D-08  6.338935878114D+04  3.627549712267D+11  1.143731353523D+33
  6.774989569094D-08  6.263953582663D+04  3.636926131405D+11  1.143731408744D+33
  6.470701559360D-08  6.189438080826D+04  3.646229430522D+11  1.143731461336D+33
  6.180415796370D-08  6.115203292755D+04  3.655459090718D+11  1.143731511423D+33
  5.903246847041D-08  6.041224506120D+04  3.664615857118D+11  1.143731559125D+33
  5.640613636848D-08  5.967404275032D+04  3.673699020950D+11  1.143731604556D+33
  5.391885431233D-08  5.893691394648D+04  3.682706115428D+11  1.143731647823D+33
  5.156017093397D-08  5.820100957882D+04  3.691634781204D+11  1.143731689030D+33
  4.931393405155D-08  5.746565374994D+04  3.700483725658D+11  1.143731728275D+33
  4.716652377517D-08  5.673005867211D+04  3.709253221523D+11  1.143731765651D+33
  4.513364661824D-08  5.599420030503D+04  3.717942349719D+11  1.143731801247D+33
  4.320888669099D-08  5.525767187833D+04  3.726548273109D+11  1.143731835148D+33
  4.138593591070D-08  5.452013897741D+04  3.735068213858D+11  1.143731867434D+33
  3.965622421015D-08  5.378137228938D+04  3.743499765029D+11  1.143731898184D+33
  3.799675755544D-08  5.304138378148D+04  3.751842819555D+11  1.143731927469D+33
  3.642683283154D-08  5.229973899952D+04  3.760096737186D+11  1.143731955359D+33
  3.494141210200D-08  5.155579998338D+04  3.768258396337D+11  1.143731981922D+33
  3.353646243658D-08  5.080942823010D+04  3.776324645214D+11  1.143732007219D+33
  3.220637517270D-08  5.006058515450D+04  3.784292442748D+11  1.143732031312D+33
  3.093684706794D-08  4.931057725005D+04  3.792160228055D+11  1.143732054257D+33
  2.972801332080D-08  4.856031237640D+04  3.799927365610D+11  1.143732076110D+33
  2.858328767236D-08  4.780976840873D+04  3.807591986425D+11  1.143732096923D+33
  2.749947718091D-08  4.705949883207D+04  3.815151371181D+11  1.143732116744D+33
  2.647172435633D-08  4.630999565416D+04  3.822603049751D+11  1.143732135621D+33
  2.549666885263D-08  4.556153497663D+04  3.829944897308D+11  1.143732153600D+33
  2.456318295925D-08  4.481467261969D+04  3.837176134418D+11  1.143732170722D+33
  2.367189232088D-08  4.406944351471D+04  3.844296865873D+11  1.143732187029D+33
  2.282319681276D-08  4.332633382786D+04  3.851306473507D+11  1.143732202559D+33
  2.201383935791D-08  4.258634389632D+04  3.858204189513D+11  1.143732217350D+33
  2.123937278106D-08  4.184968329651D+04  3.864989871957D+11  1.143732231437D+33
  2.049677089457D-08  4.111703423959D+04  3.871664041638D+11  1.143732244853D+33
  1.977980248117D-08  4.038926297607D+04  3.878228254687D+11  1.143732257630D+33
  1.908136300731D-08  3.966809847794D+04  3.884685874015D+11  1.143732269798D+33
  1.840386804774D-08  3.895891748839D+04  3.891040744423D+11  1.143732281387D+33
  1.774396488308D-08  3.826608661863D+04  3.897296625634D+11  1.143732292425D+33
  1.710131822395D-08  3.758958837726D+04  3.903457673071D+11  1.143732302936D+33
  1.647539276954D-08  3.692956171179D+04  3.909527986483D+11  1.143732312947D+33
  1.586560945615D-08  3.628634841065D+04  3.915511667621D+11  1.143732322482D+33
  1.526619887181D-08  3.565918306253D+04  3.921413841067D+11  1.143732331562D+33
  1.468395418010D-08  3.504741387304D+04  3.927239299477D+11  1.143732340210D+33
  1.411938627035D-08  3.445051869939D+04  3.932991281915D+11  1.143732348446D+33
  1.357253674234D-08  3.386759068409D+04  3.938672693822D+11  1.143732356290D+33
  1.304295071847D-08  3.329817958183D+04  3.944286288806D+11  1.143732363760D+33
  1.252949699672D-08  3.274163450146D+04  3.949834920732D+11  1.143732370875D+33
  1.202792675633D-08  3.219733968384D+04  3.955322424386D+11  1.143732377651D+33
  1.154364626090D-08  3.166409165499D+04  3.960752198918D+11  1.143732384104D+33
  1.107673048614D-08  3.114000666992D+04  3.966126193237D+11  1.143732390250D+33
  1.062670859996D-08  3.062372151859D+04  3.971446158273D+11  1.143732396103D+33
  1.019319835045D-08  3.011449951803D+04  3.976713748896D+11  1.143732401678D+33
  9.773429718387D-09  2.961160167445D+04  3.981931136376D+11  1.143732406987D+33
  9.367724329814D-09  2.911418998017D+04  3.987100876566D+11  1.143732412043D+33
  8.977519013933D-09  2.862173010416D+04  3.992224808316D+11  1.143732416859D+33
  8.602275374504D-09  2.813376755249D+04  3.997304230053D+11  1.143732421445D+33
  8.241294220007D-09  2.765008005268D+04  4.002340467625D+11  1.143732425813D+33
  7.893413622950D-09  2.717010577207D+04  4.007335087484D+11  1.143732429973D+33
  7.556171544210D-09  2.669316173954D+04  4.012290515004D+11  1.143732433934D+33
  7.232144656682D-09  2.621833159677D+04  4.017208891839D+11  1.143732437707D+33
  6.921169267332D-09  2.574417941238D+04  4.022091299114D+11  1.143732441301D+33
  6.623019961831D-09  2.526903371168D+04  4.026938595257D+11  1.143732444723D+33
  6.337584576820D-09  2.479070218581D+04  4.031751377993D+11  1.143732447982D+33
  6.062679541163D-09  2.430627087214D+04  4.036530731915D+11  1.143732451086D+33
  5.801006116686D-09  2.381236835211D+04  4.041277143329D+11  1.143732454043D+33
  5.553039510765D-09  2.330522984054D+04  4.045989377420D+11  1.143732456858D+33
  5.319134133107D-09  2.278022117403D+04  4.050665238086D+11  1.143732459540D+33
  5.100131627754D-09  2.223161407883D+04  4.055301302513D+11  1.143732462093D+33
  4.896097799438D-09  2.165184404533D+04  4.059892950754D+11  1.143732464526D+33
  4.710483289733D-09  2.102872164430D+04  4.064433026167D+11  1.143732466842D+33
  4.549221723562D-09  2.034115069975D+04  4.068908847432D+11  1.143732469048D+33
  4.423580897135D-09  1.955120578352D+04  4.073298168506D+11  1.143732471149D+33
  4.361636139439D-09  1.857783884850D+04  4.077558804958D+11  1.143732473150D+33
  4.449195998988D-09  1.719692010053D+04  4.081598464680D+11  1.143732475056D+33
  5.138063007926D-09  1.432457416104D+04  4.085151109679D+11  1.143732476870D+33
  1.603253189919D-08  7.932918594695D+03  4.087256275279D+11  1.143732478599D+33
  1.745798227652D-08  6.806313804197D+03  4.088206000549D+11  1.143732480285D+33
  1.711112538184D-08  6.350302488003D+03  4.089101119545D+11  1.143732481930D+33
  1.621379142586D-08  6.079257258573D+03  4.090006985176D+11  1.143732483536D+33
  1.504722096968D-08  5.893570466739D+03  4.090949185166D+11  1.143732485101D+33
  1.372899356001D-08  5.756370670893D+03  4.091947903637D+11  1.143732486629D+33
  1.232039216009D-08  5.650305681365D+03  4.093024490288D+11  1.143732488120D+33
  1.085741491660D-08  5.566091094431D+03  4.094205416029D+11  1.143732489574D+33
  9.364227559634D-09  5.498148244605D+03  4.095526925100D+11  1.143732490992D+33
  7.857526906038D-09  5.442846377602D+03  4.097042823974D+11  1.143732492376D+33
  6.349620690862D-09  5.397680863209D+03  4.098840216529D+11  1.143732493727D+33
  4.850270179337D-09  5.361061528624D+03  4.101076663878D+11  1.143732495044D+33
  3.366892071910D-09  5.332052605328D+03  4.104089878754D+11  1.143732496329D+33
  1.906737388635D-09  5.310413587436D+03  4.108873377588D+11  1.143732497583D+33
  4.784641199795D-10  5.297647416098D+03  4.123570887926D+11  1.143732498807D+33
