     0.00000000E+00    3.53393810E-05    6.53221133E-05    2.64156858E-05
    -1.57602885E-06    4.85910299E-05    7.99626533E-05    3.18519854E-05
    -3.47461142E-06    5.88563081E-05    9.62297916E-05    3.77664821E-05
    -5.54216356E-06    6.94267294E-05    1.13943814E-04    4.49287904E-05
    -7.76518981E-06    8.13989230E-05    1.33793457E-04    5.32085229E-05
    -1.01777795E-05    8.64917937E-05    1.55711027E-04    6.27939802E-05
    -1.24689393E-05    1.07965792E-04    1.79960392E-04    7.15479613E-05
    -1.53175921E-05    1.26179081E-04    2.07139169E-04    8.22218793E-05
    -1.85106209E-05    1.40415986E-04    2.36875043E-04    9.14006478E-05
    -2.18401599E-05    1.76687452E-04    2.69799179E-04    9.48786016E-05
    -2.61364823E-05    1.86677881E-04    3.05946118E-04    1.21135016E-04
    -3.02571587E-05    1.90831213E-04    3.45124688E-04    1.38685992E-04
    -3.40059547E-05    2.37533104E-04    3.89181218E-04    1.54023446E-04
    -3.90026457E-05    2.72497042E-04    4.37497588E-04    1.59499630E-04
    -4.46417143E-05    2.99174021E-04    4.89608975E-04    1.93426694E-04
    -5.05329201E-05    3.33323976E-04    5.47420795E-04    2.15199797E-04
    -5.68977373E-05    3.72687356E-04    6.09238543E-04    2.40278061E-04
    -6.38444050E-05    4.14654892E-04    6.78000184E-04    2.66969793E-04
    -7.13749176E-05    4.70705470E-04    7.51154302E-04    2.85155887E-04
    -7.98698210E-05    4.92740565E-04    8.32191424E-04    3.30093790E-04
    -8.80873489E-05    5.63028951E-04    9.18467834E-04    3.61069172E-04
    -9.75950831E-05    6.18448788E-04    1.01427199E-03    3.99046313E-04
    -1.07751688E-04    6.84511740E-04    1.11554001E-03    4.37873391E-04
    -1.18791273E-04    6.91524017E-04    1.22744693E-03    4.90788092E-04
    -1.28825186E-04    8.27679396E-04    1.34757428E-03    5.28171681E-04
    -1.41766757E-04    8.74186434E-04    1.47981813E-03    5.61371566E-04
    -1.54667314E-04    1.00306767E-03    1.62023830E-03    6.27201303E-04
    -1.69849888E-04    9.43773277E-04    1.77422718E-03    7.09683207E-04
    -1.81837879E-04    1.20750113E-03    1.94057901E-03    7.45152883E-04
    -1.99760936E-04    1.21524231E-03    2.11914119E-03    8.42350940E-04
    -2.16119606E-04    1.42013736E-03    2.31609734E-03    9.04035880E-04
    -2.36233228E-04    1.55629061E-03    2.52368548E-03    9.82957776E-04
    -2.57916640E-04    1.69391291E-03    2.75253621E-03    1.07345231E-03
    -2.81031726E-04    1.88943725E-03    2.99252363E-03    1.12198076E-03
    -3.06850885E-04    1.67346610E-03    3.25259690E-03    1.29932488E-03
    -3.25105307E-04    2.18687120E-03    3.53715651E-03    1.37215403E-03
    -3.53979607E-04    2.33113191E-03    3.83790649E-03    1.49724763E-03
    -3.83719170E-04    2.44688676E-03    4.16856690E-03    1.63747615E-03
    -4.13577726E-04    2.79870979E-03    4.51729202E-03    1.74656933E-03
    -4.48894446E-04    2.89528130E-03    4.89804947E-03    1.92299273E-03
    -4.83434680E-04    3.29270430E-03    5.30070370E-03    2.04597168E-03
    -5.23878192E-04    3.55610413E-03    5.72797243E-03    2.20742934E-03
    -5.66760202E-04    3.82617110E-03    6.19155437E-03    2.40537384E-03
    -6.11990091E-04    4.16202151E-03    6.68712376E-03    2.57251881E-03
    -6.60725459E-04    4.36502515E-03    7.20865413E-03    2.78967026E-03
    -7.09900899E-04    4.30849985E-03    7.77939303E-03    3.06096410E-03
    -7.54196926E-04    5.06461783E-03    8.38289857E-03    3.24387106E-03
    -8.10327971E-04    5.58294803E-03    9.02586009E-03    3.46279717E-03
    -8.72554539E-04    6.09810192E-03    9.73031805E-03    3.72558781E-03
    -9.40286280E-04    6.45449859E-03    1.04600658E-02    4.00419034E-03
    -1.01000953E-03    6.89289406E-03    1.12356582E-02    4.30935693E-03
    -1.08311106E-03    6.98008976E-03    1.20798533E-02    4.70576797E-03
    -1.15275606E-03    8.13432146E-03    1.29729039E-02    4.93201350E-03
    -1.23888393E-03    8.71625083E-03    1.39106455E-02    5.28505080E-03
    -1.32976040E-03    9.12214598E-03    1.49264281E-02    5.58570755E-03
    -1.42185209E-03    8.62740077E-03    1.59897603E-02    6.31735300E-03
    -1.49911020E-03    1.04857104E-02    1.71314187E-02    6.55238844E-03
    -1.60384238E-03    1.09843130E-02    1.83574697E-02    7.06241901E-03
    -1.71045268E-03    1.06645614E-02    1.96376398E-02    7.64064472E-03
    -1.80483466E-03    1.24459420E-02    2.10264311E-02    8.58332131E-03
    -1.92330805E-03    1.42122524E-02    2.25026034E-02    8.47026759E-03
    -2.06382867E-03    1.41507018E-02    2.40397358E-02    9.43069546E-03
    -2.19471155E-03    1.63496799E-02    2.57051886E-02    9.68250231E-03
    -2.35338022E-03    1.47088449E-02    2.74330223E-02    1.06083772E-02
    -2.47617709E-03    1.82882666E-02    2.92843458E-02    1.10684424E-02
    -2.64847376E-03    1.88701418E-02    3.12495006E-02    1.18428518E-02
    -2.81976649E-03    2.09813721E-02    3.32889690E-02    1.25250977E-02
    -3.01380791E-03    2.26563241E-02    3.55007442E-02    1.32683918E-02
    -3.22233360E-03    2.19963524E-02    3.77470202E-02    1.44219683E-02
    -3.40897884E-03    2.55680214E-02    4.01889209E-02    1.51322599E-02
    -3.63852674E-03    2.34204733E-02    4.27391068E-02    1.63999801E-02
    -3.82347613E-03    2.91092690E-02    4.54012203E-02    1.68741367E-02
    -4.08135116E-03    2.86723051E-02    4.82489174E-02    1.83091890E-02
    -4.31876151E-03    3.15962180E-02    5.11681203E-02    2.02073103E-02
    -4.58503818E-03    3.40638685E-02    5.43190688E-02    2.02467851E-02
    -4.87181746E-03    3.61902630E-02    5.75123720E-02    2.13917761E-02
    -5.17297906E-03    3.60747622E-02    6.09624130E-02    2.34059662E-02
    -5.45662343E-03    4.09362892E-02    6.44634820E-02    2.41025510E-02
    -5.79170913E-03    4.04973809E-02    6.82257275E-02    2.57614292E-02
    -6.10346123E-03    4.17193300E-02    7.20810226E-02    2.92809220E-02
    -6.41522289E-03    3.00202545E-02    7.62330969E-02    2.44077478E-02
    -6.55691849E-03    5.07807573E-02    8.05685966E-02    3.51117153E-02
    -6.96131396E-03    5.07065114E-02    8.50707854E-02    3.21327093E-02
    -7.34451990E-03    5.86556508E-02    8.98711490E-02    3.26840205E-02
    -7.80949901E-03    5.89396658E-02    9.46633173E-02    3.48888149E-02
    -8.25504020E-03    6.47040507E-02    9.97792852E-02    3.64237230E-02
    -8.75017051E-03    6.68519135E-02    1.05062553E-01    3.95951214E-02
    -9.24746389E-03    6.46811201E-02    1.10549467E-01    4.11092238E-02
    -9.69443740E-03    6.94170994E-02    1.16187968E-01    4.28975975E-02
    -1.01765716E-02    7.68434738E-02    1.22017041E-01    4.46826037E-02
    -1.07234153E-02    7.88961376E-02    1.28160540E-01    5.07488448E-02
    -1.12683711E-02    8.32571579E-02    1.34499685E-01    4.92101448E-02
    -1.18380685E-02    8.12758463E-02    1.40968400E-01    5.40089698E-02
    -1.23587717E-02    9.17582587E-02    1.47537606E-01    5.38206388E-02
    -1.29733224E-02    1.02450694E-01    1.54554124E-01    5.50505694E-02
    -1.36785687E-02    9.48701968E-02    1.61648606E-01    5.95376946E-02
    -1.42688164E-02    9.87022392E-02    1.69003846E-01    6.22157737E-02
    -1.48740969E-02    1.13867706E-01    1.76349631E-01    6.31881521E-02
    -1.56147318E-02    1.08667443E-01    1.84068347E-01    7.06320027E-02
    -1.62678446E-02    9.86043155E-02    1.91974939E-01    7.90148574E-02
    -1.67874426E-02    1.32783156E-01    2.00010501E-01    7.05789769E-02
    -1.76367846E-02    1.38201489E-01    2.08473737E-01    7.34599000E-02
    -1.85048920E-02    1.21544214E-01    2.16715639E-01    8.15284774E-02
    -1.91686292E-02    1.29260321E-01    2.25431890E-01    8.46711932E-02
    -1.98809721E-02    1.54076927E-01    2.34357854E-01    8.24140440E-02
    -2.08069122E-02    1.42001558E-01    2.43145397E-01    9.48956882E-02
    -2.15775605E-02    1.59267672E-01    2.52192951E-01    8.98520302E-02
    -2.24816261E-02    1.75751950E-01    2.61508948E-01    9.12430060E-02
    -2.35045459E-02    1.66151098E-01    2.70676811E-01    9.75210562E-02
    -2.43966048E-02    1.80283221E-01    2.80086401E-01    9.90322068E-02
    -2.53830272E-02    1.88785150E-01    2.89555845E-01    1.01506692E-01
    -2.64075032E-02    1.84330451E-01    2.99031719E-01    1.10502829E-01
    -2.73516086E-02    1.84809581E-01    3.08162710E-01    1.14620926E-01
    -2.82630481E-02    1.91126313E-01    3.17691856E-01    1.15046678E-01
    -2.91943733E-02    1.87896050E-01    3.27135391E-01    1.17593067E-01
    -3.00618701E-02    2.08582173E-01    3.36418616E-01    1.25418904E-01
    -3.10728832E-02    2.16423088E-01    3.45878361E-01    1.21821586E-01
    -3.21116074E-02    2.25536058E-01    3.55157136E-01    1.25091439E-01
    -3.31869394E-02    2.40812515E-01    3.64422337E-01    1.28370044E-01
    -3.43475158E-02    2.16140416E-01    3.73134609E-01    1.32501927E-01
    -3.52648302E-02    2.24243318E-01    3.81892438E-01    1.39330063E-01
    -3.62130207E-02    2.33372363E-01    3.90447315E-01    1.45499290E-01
    -3.71983935E-02    2.59724780E-01    3.99057558E-01    1.37302884E-01
    -3.83532402E-02    2.51591909E-01    4.07401476E-01    1.59912928E-01
    -3.94036358E-02    2.85742658E-01    4.15396067E-01    1.39476158E-01
    -4.06752550E-02    2.60680138E-01    4.22867958E-01    1.62312555E-01
    -4.17134830E-02    2.76150591E-01    4.29893976E-01    1.47766904E-01
    -4.28290069E-02    2.59241231E-01    4.36286547E-01    1.68038057E-01
    -4.37818263E-02    2.64407062E-01    4.42739304E-01    1.54243393E-01
    -4.47381325E-02    2.44288062E-01    4.48281003E-01    1.76911624E-01
    -4.55182742E-02    2.85607195E-01    4.53558323E-01    1.56328879E-01
    -4.65600547E-02    2.87369302E-01    4.58295140E-01    1.62370186E-01
    -4.75779257E-02    2.71048913E-01    4.62341874E-01    1.76945020E-01
    -4.84497494E-02    2.77490438E-01    4.65633546E-01    1.63123385E-01
    -4.93347233E-02    3.17638841E-01    4.68893340E-01    1.60411405E-01
    -5.04545320E-02    2.89943675E-01    4.70869793E-01    1.69455562E-01
    -5.13561879E-02    2.90907749E-01    4.71428838E-01    1.70945310E-01
    -5.22335350E-02    3.06217768E-01    4.71814417E-01    1.65588913E-01
    -5.31780288E-02    3.20663984E-01    4.71255105E-01    1.55534917E-01
    -5.41808355E-02    2.96071522E-01    4.69608719E-01    1.72498685E-01
    -5.49995762E-02    2.91427941E-01    4.66795230E-01    1.66877866E-01
    -5.57632081E-02    2.95821198E-01    4.63480370E-01    1.66891118E-01
    -5.65277867E-02    2.87761682E-01    4.58571686E-01    1.63573746E-01
    -5.72200967E-02    2.76335526E-01    4.52271778E-01    1.60009962E-01
    -5.78240418E-02    2.77383295E-01    4.44860887E-01    1.58874151E-01
    -5.84145197E-02    2.87128045E-01    4.36167356E-01    1.49214033E-01
    -5.90406313E-02    2.56005614E-01    4.26442386E-01    1.46069332E-01
    -5.94753469E-02    2.37371396E-01    4.14975526E-01    1.59376260E-01
    -5.97952726E-02    2.54309200E-01    4.02112222E-01    1.41556199E-01
    -6.01958056E-02    2.46706797E-01    3.88256143E-01    1.34825338E-01
    -6.05439699E-02    2.21283654E-01    3.72466817E-01    1.39296059E-01
    -6.07496280E-02    1.97126722E-01    3.54996923E-01    1.34687889E-01
    -6.08256486E-02    2.14601708E-01    3.36105839E-01    1.11866123E-01
    -6.09873340E-02    1.94719566E-01    3.15557660E-01    1.14205262E-01
    -6.10456524E-02    1.77087041E-01    2.93261304E-01    1.05047559E-01
    -6.10161170E-02    1.90858668E-01    2.69300713E-01    8.54050907E-02
    -6.10537302E-02    1.57139781E-01    2.43276978E-01    8.93544551E-02
    -6.09303327E-02    1.39137211E-01    2.15276582E-01    7.26376084E-02
    -6.07262876E-02    1.14689233E-01    1.85182479E-01    6.70347942E-02
    -6.04153280E-02    8.59151237E-02    1.53186170E-01    5.71610703E-02
    -5.99823556E-02    6.96867407E-02    1.18966024E-01    4.40710534E-02
    -5.94886989E-02    5.42058740E-02    8.26176755E-02    2.77765169E-02
    -5.89401743E-02    2.80287209E-02    4.40993338E-02    1.59730800E-02
    -5.82924293E-02    2.11540471E-03    3.25188361E-03    1.10223535E-03
    -5.75506454E-02   -2.48510640E-02   -3.99248185E-02   -1.45347232E-02
    -5.67142482E-02   -4.96435199E-02   -8.55957474E-02   -3.13426476E-02
    -5.57961655E-02   -7.91054993E-02   -1.33628679E-01   -4.86132954E-02
    -5.47803432E-02   -1.20332331E-01   -1.84170332E-01   -6.35289142E-02
    -5.36226918E-02   -1.48374978E-01   -2.37489005E-01   -8.50126826E-02
    -5.23816595E-02   -1.82979109E-01   -2.93206082E-01   -1.05024402E-01
    -5.10346261E-02   -2.31869215E-01   -3.51618571E-01   -1.23528172E-01
    -4.95298675E-02   -2.71345567E-01   -4.12947331E-01   -1.42087073E-01
    -4.79095449E-02   -2.86801493E-01   -4.76898629E-01   -1.70313162E-01
    -4.62694053E-02   -3.70100143E-01   -5.44001054E-01   -1.87557370E-01
    -4.43551334E-02   -3.64906584E-01   -6.13358220E-01   -2.17586346E-01
    -4.25055622E-02   -4.73675982E-01   -6.86483906E-01   -2.33099263E-01
    -4.03004030E-02   -4.85071747E-01   -7.62427350E-01   -2.65657381E-01
    -3.81048344E-02   -4.93872711E-01   -8.40468420E-01   -2.97208656E-01
    -3.59277577E-02   -5.71347957E-01   -9.22703173E-01   -3.33199213E-01
    -3.35258794E-02   -6.20376541E-01   -1.00749196E+00   -3.51050674E-01
    -3.10066209E-02   -6.99318138E-01   -1.09728893E+00   -3.78388432E-01
    -2.82706944E-02   -7.15280649E-01   -1.18808642E+00   -4.12989062E-01
    -2.55399810E-02   -8.55294634E-01   -1.28248276E+00   -4.33517894E-01
    -2.23957646E-02   -8.29784073E-01   -1.38159092E+00   -5.04894638E-01
    -1.94040716E-02   -9.97327124E-01   -1.48294245E+00   -4.97475573E-01
    -1.59237690E-02   -1.05386473E+00   -1.58839787E+00   -5.33634981E-01
    -1.23325379E-02   -1.01702006E+00   -1.69578894E+00   -5.82617007E-01
    -8.93452252E-03   -1.13115852E+00   -1.80862513E+00   -6.57447367E-01
    -5.24227446E-03   -1.17840989E+00   -1.92379909E+00   -6.55287770E-01
    -1.47646015E-03   -1.41778181E+00   -2.04219870E+00   -6.69961211E-01
     2.95939598E-03   -1.21420046E+00   -2.16514712E+00   -8.16741393E-01
     6.67802611E-03   -1.54825249E+00   -2.29226517E+00   -7.64542470E-01
     1.13427084E-02   -1.43054480E+00   -2.42271127E+00   -8.69338070E-01
     1.55602744E-02   -1.65297471E+00   -2.55560719E+00   -8.83851366E-01
     2.03597543E-02   -1.65451130E+00   -2.69392243E+00   -9.04028231E-01
     2.50700592E-02   -1.90344827E+00   -2.83291930E+00   -9.68482897E-01
     3.04174818E-02   -1.71671946E+00   -2.97870055E+00   -1.08832390E+00
     3.51225030E-02   -2.09643915E+00   -3.12831165E+00   -1.02073211E+00
     4.08261536E-02   -2.17238242E+00   -3.27821542E+00   -1.11554484E+00
     4.66370959E-02   -2.15264173E+00   -3.43346749E+00   -1.12949156E+00
     5.22830463E-02   -1.96324629E+00   -3.59606250E+00   -1.41575956E+00
     5.72979191E-02   -2.58585070E+00   -3.75687668E+00   -1.19890272E+00
     6.39313470E-02   -2.37176212E+00   -3.92499827E+00   -1.35604407E+00
     6.98608648E-02   -2.67115193E+00   -4.09780746E+00   -1.33721248E+00
     7.64876585E-02   -2.73653465E+00   -4.26924974E+00   -1.61205279E+00
     8.31675237E-02   -2.84015769E+00   -4.44595188E+00   -1.43898108E+00
     8.99999141E-02   -2.72625411E+00   -4.62940594E+00   -1.66595587E+00
     9.64129250E-02   -3.11577006E+00   -4.81367168E+00   -1.69190965E+00
     1.03718485E-01   -3.15517603E+00   -5.00290771E+00   -1.63445273E+00
     1.10994167E-01   -3.34411882E+00   -5.19812832E+00   -1.67428338E+00
     1.18617655E-01   -3.56851412E+00   -5.39190491E+00   -1.99840588E+00
     1.26666989E-01   -3.60454085E+00   -5.58549446E+00   -1.78053532E+00
     1.34662004E-01   -3.59935089E+00   -5.78926446E+00   -1.95273066E+00
     1.42500559E-01   -3.69455514E+00   -5.99400929E+00   -2.16631729E+00
     1.50427417E-01   -4.03315828E+00   -6.20346738E+00   -1.95415762E+00
     1.59021018E-01   -4.15902369E+00   -6.41732393E+00   -2.02089194E+00
     1.67755071E-01   -4.58679865E+00   -6.62755818E+00   -2.31901130E+00
     1.77331532E-01   -4.48431850E+00   -6.83918279E+00   -2.13339876E+00
     1.86492373E-01   -4.64566476E+00   -7.05943072E+00   -2.19653181E+00
     1.95849579E-01   -4.80023147E+00   -7.28123435E+00   -2.25538766E+00
     2.05376863E-01   -4.95308651E+00   -7.50490825E+00   -2.31228267E+00
     2.15061407E-01   -5.11321890E+00   -7.73370314E+00   -2.37055961E+00
     2.24911473E-01   -5.28570290E+00   -7.96340722E+00   -2.43333320E+00
     2.34943918E-01   -5.46025734E+00   -8.19383732E+00   -2.49574925E+00
     2.45150688E-01   -5.64350417E+00   -8.42457404E+00   -2.55194561E+00
     2.55537446E-01   -6.07620428E+00   -8.65557398E+00   -2.42420751E+00
     2.66612036E-01   -6.38568698E+00   -8.88799600E+00   -2.33391598E+00
     2.78091869E-01   -6.72982204E+00   -9.12181833E+00   -2.29046706E+00
     2.90026849E-01   -6.36106951E+00   -9.35464364E+00   -2.57402542E+00
     3.00971636E-01   -6.81995619E+00   -9.60295018E+00   -2.43161516E+00
     3.12578194E-01   -7.34979065E+00   -9.83345785E+00   -2.41452563E+00
     3.24949915E-01   -7.26415099E+00   -1.00663581E+01   -2.29699532E+00
     3.36881632E-01   -7.69257657E+00   -1.03060250E+01   -2.49688406E+00
     3.49342961E-01   -7.85510697E+00   -1.05326620E+01   -2.41449919E+00
     3.61819096E-01   -7.99895819E+00   -1.07774279E+01   -2.53139885E+00
     3.74268205E-01   -8.22108910E+00   -1.09990123E+01   -2.63248910E+00
     3.86822372E-01   -8.54062248E+00   -1.12355161E+01   -2.58629656E+00
     3.99639891E-01   -8.29438194E+00   -1.14703113E+01   -2.54939050E+00
     4.11739880E-01   -8.77364196E+00   -1.17023449E+01   -2.80345127E+00
     4.24364139E-01   -8.97308943E+00   -1.19240666E+01   -2.81932904E+00
     4.37031142E-01   -8.76994946E+00   -1.21548111E+01   -3.08553198E+00
     4.49089035E-01   -8.58878459E+00   -1.23807163E+01   -3.44691823E+00
     4.60597618E-01   -8.89567846E+00   -1.25979273E+01   -3.40175565E+00
     4.72342486E-01   -9.40339710E+00   -1.28260210E+01   -3.55641377E+00
     4.84626215E-01   -8.47666667E+00   -1.30317323E+01   -4.01831591E+00
     4.95261296E-01   -9.04990071E+00   -1.32645457E+01   -4.06988860E+00
     5.06547017E-01   -8.78974874E+00   -1.34767224E+01   -4.19463317E+00
     5.17239611E-01   -9.31873417E+00   -1.36878691E+01   -4.22690015E+00
     5.28504747E-01   -8.36789057E+00   -1.39199223E+01   -4.84014871E+00
     5.38208980E-01   -8.61252152E+00   -1.41249842E+01   -4.88094686E+00
     5.48090063E-01   -9.75039830E+00   -1.43555512E+01   -4.75124940E+00
     5.59391079E-01   -9.61737472E+00   -1.45713794E+01   -4.85490257E+00
     5.70325253E-01   -8.94380839E+00   -1.47801900E+01   -5.01927808E+00
     5.80169741E-01   -1.02970408E+01   -1.49979417E+01   -5.00825025E+00
     5.91682167E-01   -9.14691434E+00   -1.52209433E+01   -5.50148309E+00
     6.01489061E-01   -9.86109451E+00   -1.54280876E+01   -5.09338381E+00
     6.12089227E-01   -8.82478674E+00   -1.56343504E+01   -6.20526855E+00
     6.21186517E-01   -1.06047807E+01   -1.58537488E+01   -5.05747197E+00
     6.32448603E-01   -9.83170015E+00   -1.60856576E+01   -5.76800893E+00
     6.42568626E-01   -1.01604625E+01   -1.62908448E+01   -5.38265042E+00
     6.52965968E-01   -9.74185206E+00   -1.65080485E+01   -6.87635691E+00
     6.62700753E-01   -1.22482551E+01   -1.67188810E+01   -4.99662637E+00
     6.75414934E-01   -1.17431866E+01   -1.69312219E+01   -5.31585509E+00
     6.87349149E-01   -1.08754141E+01   -1.71380838E+01   -6.09821389E+00
     6.98080569E-01   -1.18247684E+01   -1.73576729E+01   -5.77997832E+00
     7.09828721E-01   -1.21670247E+01   -1.75621284E+01   -5.70704073E+00
     7.21846520E-01   -1.29671683E+01   -1.77612318E+01   -5.25358591E+00
     7.34673051E-01   -1.25688712E+01   -1.79568677E+01   -5.60275958E+00
     7.46881467E-01   -1.20240490E+01   -1.81520447E+01   -6.14879423E+00
     7.58310549E-01   -1.14274300E+01   -1.83428579E+01   -6.36560550E+00
     7.68910656E-01   -9.48472709E+00   -1.85416624E+01   -7.60368087E+00
     7.77147134E-01   -1.23529881E+01   -1.87428500E+01   -5.83196777E+00
     7.88529665E-01   -1.21824488E+01   -1.89404414E+01   -6.60723687E+00
     7.99551481E-01   -1.22992299E+01   -1.91146623E+01   -6.08656585E+00
     8.10514320E-01   -1.32601426E+01   -1.93244542E+01   -5.73301304E+00
     8.22291696E-01   -1.36266824E+01   -1.94880861E+01   -5.29361097E+00
     8.34122513E-01   -1.46875821E+01   -1.96860932E+01   -4.55963974E+00
     8.46506307E-01   -1.55425436E+01   -1.98874112E+01   -3.85105185E+00
     8.58584332E-01   -1.45161528E+01   -2.01460329E+01   -4.80676844E+00
     8.66846805E-01   -1.60699353E+01   -2.00309186E+01   -3.29734610E+00
     8.71878826E-01   -1.41832794E+01   -1.97510703E+01   -5.56779095E+00
     8.74487981E-01   -1.29161386E+01   -1.98745164E+01   -6.95837782E+00
     8.76753856E-01   -1.18049857E+01   -2.00187242E+01   -8.21373853E+00
     8.78825932E-01   -1.02859107E+01   -2.02139768E+01   -8.48715314E+00
     8.80639870E-01   -1.31758463E+01   -2.04634329E+01   -6.74285265E+00
     8.83310045E-01   -1.23918203E+01   -2.07226060E+01   -8.31047298E+00
     8.85995449E-01   -1.24845190E+01   -2.10488252E+01   -8.58212608E+00
     8.88997037E-01   -1.24803092E+01   -2.14380668E+01   -8.77665804E+00
     8.92394494E-01   -1.20356919E+01   -2.19724889E+01   -9.02155862E+00
     8.96176096E-01   -1.35684038E+01   -2.26320120E+01   -9.13517852E+00
     9.01525316E-01   -1.41498628E+01   -2.36286043E+01   -9.47874154E+00
     9.08842464E-01   -1.50287018E+01   -2.50552778E+01   -1.00265760E+01
     9.20506982E-01   -1.46144950E+01   -2.42152056E+01   -9.70258687E+00
     9.48447582E-01   -1.73864899E+01   -2.93952678E+01   -1.18736784E+01
     1.00000000E+00
