     0.00000000E+00   -3.11007530E-05   -5.74873370E-05   -2.32473715E-05
     1.38699894E-06   -4.27632117E-05   -7.03722451E-05   -2.80317828E-05
     3.05787387E-06   -5.17978676E-05   -8.46892740E-05   -3.32372740E-05
     4.87747638E-06   -6.11016214E-05   -1.00280567E-04   -3.95412828E-05
     6.83394927E-06   -7.16398208E-05   -1.17752655E-04   -4.68292319E-05
     8.95731982E-06   -7.61243111E-05   -1.37046466E-04   -5.52670753E-05
     1.09739053E-05   -9.50276420E-05   -1.58394723E-04   -6.29739654E-05
     1.34812863E-05   -1.11063078E-04   -1.82324308E-04   -7.23718615E-05
     1.62919506E-05   -1.23600750E-04   -2.08508545E-04   -8.04551458E-05
     1.92229991E-05   -1.55537909E-04   -2.37504134E-04   -8.35216036E-05
     2.30053855E-05   -1.64344146E-04   -2.69343392E-04   -1.06642687E-04
     2.66335515E-05   -1.68014333E-04   -3.03859590E-04   -1.22103895E-04
     2.99347823E-05   -2.09151448E-04   -3.42679879E-04   -1.35619946E-04
     3.43353257E-05   -2.39962708E-04   -3.85263286E-04   -1.40456435E-04
     3.93022882E-05   -2.63485749E-04   -4.31203842E-04   -1.70352951E-04
     4.44922502E-05   -2.93600917E-04   -4.82183279E-04   -1.89553895E-04
     5.01005051E-05   -3.28321898E-04   -5.36713553E-04   -2.11674873E-04
     5.62227065E-05   -3.65353736E-04   -5.97388106E-04   -2.35227928E-04
     6.28609858E-05   -4.14815806E-04   -6.61965278E-04   -2.51297631E-04
     7.03511311E-05   -4.34322394E-04   -7.33528752E-04   -2.90958641E-04
     7.75992329E-05   -4.96387371E-04   -8.09755578E-04   -3.18332080E-04
     8.59875166E-05   -5.45379808E-04   -8.94436979E-04   -3.51899471E-04
     9.49513225E-05   -6.03797362E-04   -9.84000826E-04   -3.86241438E-04
     1.04697867E-04   -6.10158819E-04   -1.08302467E-03   -4.33041623E-04
     1.13561637E-04   -7.30520319E-04   -1.18938613E-03   -4.66171016E-04
     1.24996453E-04   -7.71827194E-04   -1.30654496E-03   -4.95640088E-04
     1.36401198E-04   -8.85937739E-04   -1.43104029E-03   -5.53961930E-04
     1.49828233E-04   -8.33892933E-04   -1.56765989E-03   -6.27057182E-04
     1.60440936E-04   -1.06735676E-03   -1.71535252E-03   -6.58669330E-04
     1.76307588E-04   -1.07467780E-03   -1.87402460E-03   -7.44917984E-04
     1.90801775E-04   -1.25646826E-03   -2.04916995E-03   -7.99846848E-04
     2.08629415E-04   -1.37762967E-03   -2.23396837E-03   -8.70114996E-04
     2.27860778E-04   -1.50026936E-03   -2.43787371E-03   -9.50738147E-04
     2.48376493E-04   -1.67441658E-03   -2.65197015E-03   -9.94297738E-04
     2.71307260E-04   -1.48394904E-03   -2.88424608E-03   -1.15217865E-03
     2.87552120E-04   -1.94047735E-03   -3.13862659E-03   -1.21755401E-03
     3.13239224E-04   -2.06992284E-03   -3.40785962E-03   -1.32947734E-03
     3.39722059E-04   -2.17431238E-03   -3.70420355E-03   -1.45506720E-03
     3.66341065E-04   -2.48888617E-03   -4.01721739E-03   -1.55322008E-03
     3.97846953E-04   -2.57690420E-03   -4.35943971E-03   -1.71153250E-03
     4.28701786E-04   -2.93319390E-03   -4.72195204E-03   -1.82258445E-03
     4.64857933E-04   -3.17078081E-03   -5.10731531E-03   -1.96824231E-03
     5.03239667E-04   -3.41494698E-03   -5.52610673E-03   -2.14685227E-03
     5.43774831E-04   -3.71857582E-03   -5.97463916E-03   -2.29842787E-03
     5.87506903E-04   -3.90425444E-03   -6.44771081E-03   -2.49519352E-03
     6.31706432E-04   -3.85817836E-03   -6.96629612E-03   -2.74103420E-03
     6.71616442E-04   -4.54077305E-03   -7.51583657E-03   -2.90835020E-03
     7.22216549E-04   -5.01188155E-03   -8.10262633E-03   -3.10859589E-03
     7.78387610E-04   -5.48170394E-03   -8.74677458E-03   -3.34900428E-03
     8.39621534E-04   -5.81030265E-03   -9.41609129E-03   -3.60454920E-03
     9.02778584E-04   -6.21419751E-03   -1.01293591E-02   -3.88504376E-03
     9.69124184E-04   -6.30266541E-03   -1.09074920E-02   -4.24906871E-03
     1.03250689E-03   -7.35688672E-03   -1.17330234E-02   -4.46063815E-03
     1.11095991E-03   -7.89674699E-03   -1.26027635E-02   -4.78814915E-03
     1.19391627E-03   -8.27939938E-03   -1.35474547E-02   -5.06967371E-03
     1.27819963E-03   -7.84516578E-03   -1.45399899E-02   -5.74456697E-03
     1.34923593E-03   -9.55364727E-03   -1.56086259E-02   -5.96995390E-03
     1.44553071E-03   -1.00284158E-02   -1.67599319E-02   -6.44782008E-03
     1.54383443E-03   -9.75728398E-03   -1.79669863E-02   -6.99062413E-03
     1.63126698E-03   -1.14122640E-02   -1.92801141E-02   -7.87044712E-03
     1.74109734E-03   -1.30618397E-02   -2.06811271E-02   -7.78464063E-03
     1.87156831E-03   -1.30365765E-02   -2.21470186E-02   -8.68818982E-03
     1.99361517E-03   -1.51001292E-02   -2.37406281E-02   -8.94250145E-03
     2.14178366E-03   -1.36202961E-02   -2.54028028E-02   -9.82328934E-03
     2.25729581E-03   -1.69805963E-02   -2.71904203E-02   -1.02770129E-02
     2.41926372E-03   -1.75703125E-02   -2.90969456E-02   -1.10270823E-02
     2.58095775E-03   -1.95934980E-02   -3.10869730E-02   -1.16965886E-02
     2.76459466E-03   -2.12225451E-02   -3.32541210E-02   -1.24287171E-02
     2.96261168E-03   -2.06703765E-02   -3.54715684E-02   -1.35525886E-02
     3.14097940E-03   -2.41065833E-02   -3.78917693E-02   -1.42673177E-02
     3.36069031E-03   -2.21583824E-02   -4.04359665E-02   -1.55162121E-02
     3.53930120E-03   -2.76391480E-02   -4.31082983E-02   -1.60219332E-02
     3.78814743E-03   -2.73258877E-02   -4.59832055E-02   -1.74494112E-02
     4.01881211E-03   -3.02290674E-02   -4.89541046E-02   -1.93329514E-02
     4.27841354E-03   -3.27210985E-02   -5.21778552E-02   -1.94486733E-02
     4.55922144E-03   -3.49092533E-02   -5.54766337E-02   -2.06345815E-02
     4.85559237E-03   -3.49494553E-02   -5.90607671E-02   -2.26758464E-02
     5.13684790E-03   -3.98382497E-02   -6.27343695E-02   -2.34560451E-02
     5.47004192E-03   -3.95960847E-02   -6.67073184E-02   -2.51880914E-02
     5.78265334E-03   -4.09889064E-02   -7.08190253E-02   -2.87682704E-02
     6.09750506E-03   -2.96426368E-02   -7.52741788E-02   -2.41007286E-02
     6.24677004E-03   -5.03960927E-02   -7.99582889E-02   -3.48457438E-02
     6.65826051E-03   -5.05868092E-02   -8.48699601E-02   -3.20568541E-02
     7.05161098E-03   -5.88349428E-02   -9.01458570E-02   -3.27839253E-02
     7.53002379E-03   -5.94536518E-02   -9.54888330E-02   -3.51930644E-02
     7.99253342E-03   -6.56501930E-02   -1.01238319E-01   -3.69563330E-02
     8.50915662E-03   -6.82418595E-02   -1.07246952E-01   -4.04183601E-02
     9.03233061E-03   -6.64424722E-02   -1.13559875E-01   -4.22286821E-02
     9.50842716E-03   -7.17715517E-02   -1.20128770E-01   -4.43525754E-02
     1.00253764E-02   -7.99838892E-02   -1.27003596E-01   -4.65086786E-02
     1.06146560E-02   -8.26923462E-02   -1.34327181E-01   -5.31907033E-02
     1.12076920E-02   -8.78917749E-02   -1.41986783E-01   -5.19494909E-02
     1.18328784E-02   -8.64395259E-02   -1.49924513E-01   -5.74403092E-02
     1.24125145E-02   -9.83369125E-02   -1.58115388E-01   -5.76793361E-02
     1.30991886E-02   -1.10667418E-01   -1.66949633E-01   -5.94657205E-02
     1.38914561E-02   -1.03323355E-01   -1.76051879E-01   -6.48426438E-02
     1.45673829E-02   -1.08409848E-01   -1.85625791E-01   -6.83348485E-02
     1.52680854E-02   -1.26161155E-01   -1.95388789E-01   -7.00101069E-02
     1.61275665E-02   -1.21490454E-01   -2.05788841E-01   -7.89667435E-02
     1.68998909E-02   -1.11269332E-01   -2.16632743E-01   -8.91637489E-02
     1.75318463E-02   -1.51270074E-01   -2.27857239E-01   -8.04054321E-02
     1.85486816E-02   -1.59001913E-01   -2.39850694E-01   -8.45161999E-02
     1.96006547E-02   -1.41272799E-01   -2.51892079E-01   -9.47618631E-02
     2.04296614E-02   -1.51826022E-01   -2.64786804E-01   -9.94527197E-02
     2.13284683E-02   -1.82938019E-01   -2.78256857E-01   -9.78515227E-02
     2.24948166E-02   -1.70493991E-01   -2.91932213E-01   -1.13936388E-01
     2.34923442E-02   -1.93434979E-01   -3.06295293E-01   -1.09127768E-01
     2.46682259E-02   -2.16004671E-01   -3.21402718E-01   -1.12140523E-01
     2.60093618E-02   -2.06732229E-01   -3.36787544E-01   -1.21339826E-01
     2.72098492E-02   -2.27181344E-01   -3.52946906E-01   -1.24794031E-01
     2.85505049E-02   -2.41038469E-01   -3.69701207E-01   -1.29602449E-01
     2.99638179E-02   -2.38570174E-01   -3.87022593E-01   -1.43018578E-01
     3.12992849E-02   -2.42569420E-01   -4.04474969E-01   -1.50444211E-01
     3.26180064E-02   -2.54516591E-01   -4.23059741E-01   -1.53203857E-01
     3.39900904E-02   -2.53977793E-01   -4.42186649E-01   -1.58949737E-01
     3.53046340E-02   -2.86305798E-01   -4.61777720E-01   -1.72153540E-01
     3.68450351E-02   -3.01820546E-01   -4.82357019E-01   -1.69890643E-01
     3.84577396E-02   -3.19729249E-01   -5.03485453E-01   -1.77334801E-01
     4.01585750E-02   -3.47223219E-01   -5.25453990E-01   -1.85094450E-01
     4.20216122E-02   -3.17170507E-01   -5.47548189E-01   -1.94437044E-01
     4.35716266E-02   -3.35075430E-01   -5.70642524E-01   -2.08193855E-01
     4.52075395E-02   -3.55295683E-01   -5.94433051E-01   -2.21514103E-01
     4.69429138E-02   -4.03121474E-01   -6.19381297E-01   -2.13109204E-01
     4.89877908E-02   -3.98382842E-01   -6.45099274E-01   -2.53213893E-01
     5.09220506E-02   -4.61912681E-01   -6.71501805E-01   -2.25467931E-01
     5.32685618E-02   -4.30547524E-01   -6.98422035E-01   -2.68080527E-01
     5.52958346E-02   -4.66359733E-01   -7.25999677E-01   -2.49546936E-01
     5.75154355E-02   -4.48025343E-01   -7.53998232E-01   -2.90406383E-01
     5.95228656E-02   -4.68008222E-01   -7.83661497E-01   -2.73015311E-01
     6.16030365E-02   -4.43243678E-01   -8.13374663E-01   -3.20993823E-01
     6.34346599E-02   -5.31667406E-01   -8.44314083E-01   -2.91011470E-01
     6.58205536E-02   -5.49375274E-01   -8.76140966E-01   -3.10409514E-01
     6.82459162E-02   -5.32704547E-01   -9.08661156E-01   -3.47757960E-01
     7.04742278E-02   -5.61251041E-01   -9.41788531E-01   -3.29932701E-01
     7.28170665E-02   -6.61917956E-01   -9.77112623E-01   -3.34276467E-01
     7.57444969E-02   -6.23313889E-01   -1.01226448E+00   -3.64291462E-01
     7.83215189E-02   -6.46017550E-01   -1.04689993E+00   -3.79617494E-01
     8.09569584E-02   -7.03443995E-01   -1.08385291E+00   -3.80391143E-01
     8.38663431E-02   -7.63194019E-01   -1.12160734E+00   -3.70179764E-01
     8.70502629E-02   -7.31327960E-01   -1.15998318E+00   -4.26089989E-01
     8.99331346E-02   -7.48449599E-01   -1.19883050E+00   -4.28578234E-01
     9.28241264E-02   -7.91455560E-01   -1.24001971E+00   -4.46509255E-01
     9.58755817E-02   -8.03768325E-01   -1.28087031E+00   -4.56889865E-01
     9.88991659E-02   -8.07705787E-01   -1.32195284E+00   -4.67695828E-01
     1.01847455E-01   -8.50598218E-01   -1.36416967E+00   -4.87188925E-01
     1.04944663E-01   -9.26359095E-01   -1.40720353E+00   -4.81408136E-01
     1.08366700E-01   -8.71767760E-01   -1.45215067E+00   -4.97405242E-01
     1.11379173E-01   -8.56157552E-01   -1.49674491E+00   -5.74842592E-01
     1.14212271E-01   -9.75350029E-01   -1.54221777E+00   -5.42909352E-01
     1.17594542E-01   -1.01066222E+00   -1.59053509E+00   -5.52327208E-01
     1.21058545E-01   -9.73290504E-01   -1.63825212E+00   -6.12677568E-01
     1.24222669E-01   -9.36444415E-01   -1.68640193E+00   -6.39830662E-01
     1.27102584E-01   -1.10866607E+00   -1.73637547E+00   -5.77917932E-01
     1.30762979E-01   -1.10302935E+00   -1.78754179E+00   -6.46939384E-01
     1.34287104E-01   -1.11092952E+00   -1.83973169E+00   -6.59000423E-01
     1.37746287E-01   -1.34226253E+00   -1.89392633E+00   -6.00633204E-01
     1.42217994E-01   -1.25834281E+00   -1.94811163E+00   -7.15531964E-01
     1.46162640E-01   -1.29462164E+00   -2.00307108E+00   -6.75866789E-01
     1.50164751E-01   -1.27461617E+00   -2.05805354E+00   -7.45001342E-01
     1.53962166E-01   -1.18665248E+00   -2.11579452E+00   -7.89503905E-01
     1.57254073E-01   -1.27284708E+00   -2.17294647E+00   -8.04969658E-01
     1.60840848E-01   -1.46397615E+00   -2.23131365E+00   -7.50179920E-01
     1.65173465E-01   -1.45707133E+00   -2.29250116E+00   -8.30359581E-01
     1.69359584E-01   -1.53097374E+00   -2.35347326E+00   -7.97716568E-01
     1.73751693E-01   -1.50285665E+00   -2.41443502E+00   -8.78980696E-01
     1.77908747E-01   -1.43834624E+00   -2.48000790E+00   -9.08106022E-01
     1.81687587E-01   -1.50534919E+00   -2.54290568E+00   -9.25093518E-01
     1.85645095E-01   -1.70360213E+00   -2.60738712E+00   -8.99409102E-01
     1.90308212E-01   -1.67164127E+00   -2.67562920E+00   -9.57780829E-01
     1.94725610E-01   -1.71124736E+00   -2.74210613E+00   -9.82203551E-01
     1.99189355E-01   -1.85298641E+00   -2.80996524E+00   -9.87177299E-01
     2.04096528E-01   -1.89263360E+00   -2.88030501E+00   -9.91056429E-01
     2.09036810E-01   -1.77438552E+00   -2.95047983E+00   -1.05369468E+00
     2.13407509E-01   -2.05688887E+00   -3.02337012E+00   -1.04237914E+00
     2.18736397E-01   -1.84066288E+00   -3.09390335E+00   -1.09754969E+00
     2.23135760E-01   -2.18694265E+00   -3.16946814E+00   -1.07620977E+00
     2.28702095E-01   -2.06460499E+00   -3.24511027E+00   -1.13071428E+00
     2.33696739E-01   -1.94962791E+00   -3.31786035E+00   -1.17327052E+00
     2.38166073E-01   -2.10279286E+00   -3.39592297E+00   -1.22630863E+00
     2.43076091E-01   -2.13840230E+00   -3.47276689E+00   -1.21005151E+00
     2.48000268E-01   -2.26666404E+00   -3.55658635E+00   -1.22645103E+00
     2.53258035E-01   -2.18786669E+00   -3.63406267E+00   -1.26323145E+00
     2.58132150E-01   -2.47667964E+00   -3.71368980E+00   -1.25533927E+00
     2.63875578E-01   -2.28133955E+00   -3.79843157E+00   -1.38811547E+00
     2.68844296E-01   -2.61005293E+00   -3.88093155E+00   -1.30191744E+00
     2.74790863E-01   -2.63161828E+00   -3.96640740E+00   -1.33254632E+00
     2.80682352E-01   -2.42850556E+00   -4.04931329E+00   -1.39121015E+00
     2.85796922E-01   -2.58791416E+00   -4.13785204E+00   -1.50413698E+00
     2.91314857E-01   -2.58778257E+00   -4.22465372E+00   -1.43900885E+00
     2.96719628E-01   -2.99343916E+00   -4.31180421E+00   -1.41452522E+00
     3.03279762E-01   -2.46877248E+00   -4.40228431E+00   -1.66063903E+00
     3.08089374E-01   -3.03575386E+00   -4.49458526E+00   -1.49908543E+00
     3.14534432E-01   -2.70874187E+00   -4.58741273E+00   -1.64609485E+00
     3.19865288E-01   -3.02628971E+00   -4.67884215E+00   -1.61816770E+00
     3.26040436E-01   -2.93235484E+00   -4.77454368E+00   -1.60224446E+00
     3.31817326E-01   -3.26942557E+00   -4.86591568E+00   -1.66349818E+00
     3.38468510E-01   -2.86080251E+00   -4.96381279E+00   -1.81362174E+00
     3.43810160E-01   -3.39268871E+00   -5.06257843E+00   -1.65186111E+00
     3.50574279E-01   -3.41741286E+00   -5.15701814E+00   -1.75488315E+00
     3.57280419E-01   -3.29482371E+00   -5.25524984E+00   -1.72879468E+00
     3.63516178E-01   -2.92618021E+00   -5.35986083E+00   -2.11016194E+00
     3.68612236E-01   -3.75593737E+00   -5.45684772E+00   -1.74140121E+00
     3.75894599E-01   -3.35995308E+00   -5.56034262E+00   -1.92103769E+00
     3.81966401E-01   -3.69334442E+00   -5.66595039E+00   -1.84893499E+00
     3.88824405E-01   -3.69569660E+00   -5.76563201E+00   -2.17708115E+00
     3.95563316E-01   -3.74894475E+00   -5.86855723E+00   -1.89942290E+00
     4.02320829E-01   -3.51956393E+00   -5.97651191E+00   -2.15073061E+00
     4.08358801E-01   -3.93641352E+00   -6.08151497E+00   -2.13753130E+00
     4.15366648E-01   -3.90336208E+00   -6.18924589E+00   -2.02203007E+00
     4.22164581E-01   -4.05347848E+00   -6.30076335E+00   -2.02943497E+00
     4.29220593E-01   -4.24043715E+00   -6.40715804E+00   -2.37468993E+00
     4.36618805E-01   -4.20140047E+00   -6.51037122E+00   -2.07536611E+00
     4.43788204E-01   -4.11735741E+00   -6.62243600E+00   -2.23376111E+00
     4.50622551E-01   -4.14973178E+00   -6.73248331E+00   -2.43321195E+00
     4.57411039E-01   -4.45011281E+00   -6.84479202E+00   -2.15618165E+00
     4.64795481E-01   -4.51018196E+00   -6.95915696E+00   -2.19152163E+00
     4.72186546E-01   -4.89092892E+00   -7.06700216E+00   -2.47277465E+00
     4.80334455E-01   -4.70399808E+00   -7.17422339E+00   -2.23791054E+00
     4.87897569E-01   -4.79620719E+00   -7.28819107E+00   -2.26771027E+00
     4.95528919E-01   -4.87951557E+00   -7.40149650E+00   -2.29263927E+00
     5.03202297E-01   -4.95945685E+00   -7.51456056E+00   -2.31525658E+00
     5.10905934E-01   -5.04510961E+00   -7.63068838E+00   -2.33898319E+00
     5.18649251E-01   -5.14122780E+00   -7.74574193E+00   -2.36682245E+00
     5.26450052E-01   -5.23757417E+00   -7.85967181E+00   -2.39396626E+00
     5.34301879E-01   -5.34047336E+00   -7.97221228E+00   -2.41491760E+00
     5.42211606E-01   -5.67458100E+00   -8.08346023E+00   -2.26397291E+00
     5.50654720E-01   -5.88764187E+00   -8.19478586E+00   -2.15188460E+00
     5.59359756E-01   -6.12818210E+00   -8.30633611E+00   -2.08570140E+00
     5.68368598E-01   -5.72288618E+00   -8.41612574E+00   -2.31578266E+00
     5.76376975E-01   -6.06405326E+00   -8.53858877E+00   -2.16210243E+00
     5.84880161E-01   -6.46096414E+00   -8.64427594E+00   -2.12253168E+00
     5.93960791E-01   -6.31536858E+00   -8.75157490E+00   -1.99698108E+00
     6.02561500E-01   -6.61629934E+00   -8.86409720E+00   -2.14754214E+00
     6.11529255E-01   -6.68599395E+00   -8.96503566E+00   -2.05513776E+00
     6.20421027E-01   -6.73990774E+00   -9.08104131E+00   -2.13295210E+00
     6.29206008E-01   -6.85941882E+00   -9.17723078E+00   -2.19646631E+00
     6.37999262E-01   -7.05850594E+00   -9.28573500E+00   -2.13747765E+00
     6.46934038E-01   -6.79203542E+00   -9.39271442E+00   -2.08762397E+00
     6.55206939E-01   -7.12035524E+00   -9.49717951E+00   -2.27517478E+00
     6.63839368E-01   -7.21916203E+00   -9.59332567E+00   -2.26824812E+00
     6.72439211E-01   -6.99647815E+00   -9.69684840E+00   -2.46157144E+00
     6.80488482E-01   -6.79602397E+00   -9.79645537E+00   -2.72743351E+00
     6.88044687E-01   -6.98290803E+00   -9.88909030E+00   -2.67030187E+00
     6.95733187E-01   -7.32436716E+00   -9.99027114E+00   -2.77011382E+00
     7.03788424E-01   -6.55295669E+00   -1.00742875E+01   -3.10639207E+00
     7.10514643E-01   -6.94477826E+00   -1.01790430E+01   -3.12318055E+00
     7.17696043E-01   -6.69693021E+00   -1.02679465E+01   -3.19590087E+00
     7.24378968E-01   -7.05040448E+00   -1.03560217E+01   -3.19800471E+00
     7.31452882E-01   -6.28795960E+00   -1.04599730E+01   -3.63707667E+00
     7.37310026E-01   -6.42863287E+00   -1.05432930E+01   -3.64327861E+00
     7.43264058E-01   -7.23042751E+00   -1.06453880E+01   -3.52329857E+00
     7.50235619E-01   -7.08641919E+00   -1.07367037E+01   -3.57726258E+00
     7.56895560E-01   -6.54924982E+00   -1.08230356E+01   -3.67544838E+00
     7.62719054E-01   -7.49438630E+00   -1.09157933E+01   -3.64510182E+00
     7.69723810E-01   -6.61801956E+00   -1.10127303E+01   -3.98045957E+00
     7.75455939E-01   -7.09352931E+00   -1.10981181E+01   -3.66390032E+00
     7.81728140E-01   -6.31230804E+00   -1.11831412E+01   -4.43858505E+00
     7.86892345E-01   -7.54357061E+00   -1.12773547E+01   -3.59756585E+00
     7.93569932E-01   -6.95608668E+00   -1.13808626E+01   -4.08095950E+00
     7.99405693E-01   -7.15100357E+00   -1.14656089E+01   -3.78834649E+00
     8.05408107E-01   -6.82136554E+00   -1.15591402E+01   -4.81491032E+00
     8.10917990E-01   -8.53358331E+00   -1.16483501E+01   -3.48124097E+00
     8.18478026E-01   -8.14248744E+00   -1.17397660E+01   -3.68590613E+00
     8.25462794E-01   -7.50601369E+00   -1.18283948E+01   -4.20887669E+00
     8.31587024E-01   -8.12482210E+00   -1.19264919E+01   -3.97143468E+00
     8.38384485E-01   -8.32418103E+00   -1.20152905E+01   -3.90452403E+00
     8.45339556E-01   -8.83529826E+00   -1.21017771E+01   -3.57957862E+00
     8.52819722E-01   -8.53073091E+00   -1.21876662E+01   -3.80269903E+00
     8.59854269E-01   -8.13102508E+00   -1.22749609E+01   -4.15800038E+00
     8.66339555E-01   -7.70073500E+00   -1.23609147E+01   -4.28966451E+00
     8.72248193E-01   -6.37052331E+00   -1.24537155E+01   -5.10709752E+00
     8.76555520E-01   -8.27066959E+00   -1.25488601E+01   -3.90466487E+00
     8.82962612E-01   -8.13231554E+00   -1.26435702E+01   -4.41061859E+00
     8.89119104E-01   -8.18769348E+00   -1.27247801E+01   -4.05187447E+00
     8.95231746E-01   -8.80508661E+00   -1.28319504E+01   -3.80687280E+00
     9.01887319E-01   -9.02801107E+00   -1.29113347E+01   -3.50714701E+00
     9.08589836E-01   -9.71165804E+00   -1.30167514E+01   -3.01490482E+00
     9.15689608E-01   -1.02601212E+01   -1.31283048E+01   -2.54220029E+00
     9.22668272E-01   -9.57071973E+00   -1.32825851E+01   -3.16917534E+00
     9.27375749E-01   -1.05806457E+01   -1.31886065E+01   -2.17101377E+00
     9.30289259E-01   -9.32506993E+00   -1.29857212E+01   -3.66065128E+00
     9.31763091E-01   -8.48168277E+00   -1.30510634E+01   -4.56938061E+00
     9.33014919E-01   -7.74216716E+00   -1.31290553E+01   -5.38688809E+00
     9.34131303E-01   -6.73666364E+00   -1.32389602E+01   -5.55858374E+00
     9.35064248E-01   -8.61636808E+00   -1.33820983E+01   -4.40950046E+00
     9.36537281E-01   -8.09025333E+00   -1.35291772E+01   -5.42566227E+00
     9.37992913E-01   -8.13571217E+00   -1.37167626E+01   -5.59266301E+00
     9.39618470E-01   -8.11587518E+00   -1.39410548E+01   -5.70741156E+00
     9.41452333E-01   -7.80757726E+00   -1.42535973E+01   -5.85230302E+00
     9.43465941E-01   -8.77574505E+00   -1.46378874E+01   -5.90843247E+00
     9.46389006E-01   -9.11786293E+00   -1.52257572E+01   -6.10789428E+00
     9.50402991E-01   -9.63532923E+00   -1.60636530E+01   -6.42832377E+00
     9.56835195E-01   -9.27223928E+00   -1.53634580E+01   -6.15585464E+00
     9.71921852E-01   -1.08356376E+01   -1.83197684E+01   -7.39993385E+00
     1.00000000E+00
