     0.00000000E+00    4.15218393E-05    6.83509802E-05    2.72443594E-05
    -1.83968684E-06    5.35259435E-05    8.34669376E-05    3.03089293E-05
    -3.90432066E-06    5.14815079E-05    9.99178601E-05    4.05448325E-05
    -5.59089554E-06    7.20520835E-05    1.18543980E-04    4.71679031E-05
    -7.90309315E-06    8.84472678E-05    1.39229534E-04    5.15712308E-05
    -1.05735232E-05    9.79310949E-05    1.61625458E-04    6.40769816E-05
    -1.32666719E-05    1.13611377E-04    1.86678331E-04    7.42030674E-05
    -1.62269848E-05    1.30613467E-04    2.14418783E-04    8.51114512E-05
    -1.94664845E-05    1.45693340E-04    2.44495746E-04    9.66748791E-05
    -2.28681900E-05    1.69659425E-04    2.78292359E-04    1.10329529E-04
    -2.67483720E-05    1.79564018E-04    3.15309148E-04    1.26077535E-04
    -3.05044233E-05    2.17183309E-04    3.56138683E-04    1.41127206E-04
    -3.51841610E-05    2.53313850E-04    4.01520202E-04    1.48522642E-04
    -4.05997181E-05    2.74756898E-04    4.50019667E-04    1.78010338E-04
    -4.61145071E-05    3.07977714E-04    5.04143510E-04    1.99245573E-04
    -5.21280864E-05    3.31202654E-04    5.62062442E-04    2.13967259E-04
    -5.82180761E-05    3.83401929E-04    6.26913060E-04    2.47345151E-04
    -6.53605342E-05    4.58793676E-04    6.95994309E-04    2.40943376E-04
    -7.41847939E-05    4.72640601E-04    7.72006549E-04    3.04092354E-04
    -8.24264900E-05    4.84132477E-04    8.52679510E-04    3.39362289E-04
    -9.00816265E-05    5.78045096E-04    9.43206289E-04    3.70941644E-04
    -9.98356971E-05    5.85145456E-04    1.03952318E-03    3.99481861E-04
    -1.08707558E-04    7.03230921E-04    1.14634334E-03    4.50144730E-04
    -1.20186396E-04    8.21887916E-04    1.25966476E-03    4.45995725E-04
    -1.33945989E-04    8.49878990E-04    1.38407934E-03    5.42699140E-04
    -1.47038622E-04    9.22016850E-04    1.51514500E-03    5.95165402E-04
    -1.60807412E-04    1.02134104E-03    1.66031292E-03    6.50659977E-04
    -1.75927659E-04    1.11473374E-03    1.81292796E-03    7.09341556E-04
    -1.92069090E-04    1.22173595E-03    1.98166816E-03    7.74763388E-04
    -2.09474877E-04    1.38477737E-03    2.15870979E-03    7.87780194E-04
    -2.29477398E-04    1.30895906E-03    2.35268801E-03    9.37782527E-04
    -2.45577257E-04    1.57805163E-03    2.55967115E-03    9.97400031E-04
    -2.67001261E-04    1.52614291E-03    2.78163905E-03    1.10656098E-03
    -2.85129301E-04    1.89086547E-03    3.02844501E-03    1.15648819E-03
    -3.10553010E-04    2.07430963E-03    3.28658816E-03    1.23302163E-03
    -3.38114601E-04    2.16976747E-03    3.57028159E-03    1.39348016E-03
    -3.65502197E-04    2.39147348E-03    3.86753837E-03    1.50005610E-03
    -3.95676009E-04    2.23551777E-03    4.18764492E-03    1.66625516E-03
    -4.19697719E-04    2.81222008E-03    4.54039984E-03    1.75630197E-03
    -4.54697471E-04    3.04205080E-03    4.90954482E-03    1.89791453E-03
    -4.91897671E-04    3.21495319E-03    5.31263942E-03    2.07707119E-03
    -5.29840975E-04    3.56757765E-03    5.73996326E-03    2.21623312E-03
    -5.72314128E-04    3.84604902E-03    6.19186971E-03    2.38686793E-03
    -6.17319930E-04    3.79977505E-03    6.68278410E-03    2.63298911E-03
    -6.57860515E-04    4.47770870E-03    7.20845450E-03    2.77120190E-03
    -7.09189331E-04    4.44544236E-03    7.76532954E-03    3.04373800E-03
    -7.55987909E-04    5.01639057E-03    8.37509977E-03    3.25259560E-03
    -8.10657730E-04    5.52054678E-03    9.01090392E-03    3.46783391E-03
    -8.71193908E-04    5.84212027E-03    9.68856420E-03    3.74159758E-03
    -9.33558752E-04    6.54005371E-03    1.04317716E-02    3.99559482E-03
    -1.00476416E-03    7.00104437E-03    1.12034332E-02    4.27239929E-03
    -1.07961934E-03    7.37721809E-03    1.20212072E-02    4.61657121E-03
    -1.15625303E-03    7.79302918E-03    1.29100263E-02    4.98945027E-03
    -1.23524668E-03    8.68370557E-03    1.38451721E-02    5.26426369E-03
    -1.32497045E-03    9.30843011E-03    1.48268191E-02    5.63279609E-03
    -1.41983994E-03    9.83647663E-03    1.58882781E-02    5.97307395E-03
    -1.51775624E-03    9.21853359E-03    1.70024002E-02    6.81203445E-03
    -1.59861844E-03    1.10596933E-02    1.81884570E-02    6.96490226E-03
    -1.70582086E-03    1.17175645E-02    1.94656098E-02    7.48175399E-03
    -1.81736826E-03    1.12423271E-02    2.07971006E-02    8.09331731E-03
    -1.91401643E-03    1.31636033E-02    2.22389434E-02    9.08386958E-03
    -2.03637994E-03    1.50128094E-02    2.37711622E-02    8.94750912E-03
    -2.18139753E-03    1.51973923E-02    2.53641915E-02    9.84417997E-03
    -2.32063532E-03    1.72294481E-02    2.70887415E-02    1.02038823E-02
    -2.48387369E-03    1.57946812E-02    2.88663403E-02    1.11503268E-02
    -2.61493690E-03    1.93965819E-02    3.07831944E-02    1.16001402E-02
    -2.79426734E-03    1.99777903E-02    3.27992301E-02    1.23874879E-02
    -2.97215341E-03    2.22656637E-02    3.49020697E-02    1.30817193E-02
    -3.17455351E-03    2.37155576E-02    3.71710209E-02    1.38899708E-02
    -3.38722794E-03    2.39876518E-02    3.94617641E-02    1.49651663E-02
    -3.59201225E-03    2.59124148E-02    4.19637806E-02    1.65696141E-02
    -3.81360458E-03    2.42959018E-02    4.45364061E-02    1.71028505E-02
    -3.99962595E-03    3.03176603E-02    4.72882243E-02    1.75769172E-02
    -4.26165496E-03    2.81784903E-02    5.01688209E-02    1.91887579E-02
    -4.47930250E-03    3.34263889E-02    5.31770094E-02    2.04191483E-02
    -4.75867209E-03    3.31681291E-02    5.63777527E-02    2.12766549E-02
    -5.01968019E-03    3.80976499E-02    5.96598099E-02    2.20900566E-02
    -5.33431885E-03    3.72942877E-02    6.31560773E-02    2.39330303E-02
    -5.62175958E-03    4.30579536E-02    6.67632564E-02    2.46460004E-02
    -5.97130612E-03    3.90638782E-02    7.05372178E-02    2.68616746E-02
    -6.25030723E-03    4.72849857E-02    7.45304658E-02    2.78512936E-02
    -6.62235440E-03    3.98522580E-02    7.86869455E-02    2.94774314E-02
    -6.87967185E-03    6.76909019E-02    8.30713144E-02    4.80610079E-02
    -7.47775302E-03    4.78842757E-02    8.74427495E-02    3.61824952E-02
    -7.79756909E-03    5.46162626E-02    9.21792110E-02    3.44404151E-02
    -8.18550443E-03    6.28276305E-02    9.69217656E-02    3.53271494E-02
    -8.65536768E-03    6.29837595E-02    1.01976074E-01    3.77347731E-02
    -9.10445616E-03    6.40938703E-02    1.07158429E-01    4.02520217E-02
    -9.54532957E-03    6.38777781E-02    1.12432103E-01    4.48226889E-02
    -9.96267438E-03    7.50233257E-02    1.18088579E-01    4.31667254E-02
    -1.04907344E-02    7.95389318E-02    1.23936572E-01    4.51319611E-02
    -1.10462451E-02    7.37752844E-02    1.29948495E-01    5.16625773E-02
    -1.15101385E-02    8.16103185E-02    1.36017423E-01    4.99289241E-02
    -1.20410411E-02    8.90221551E-02    1.42376479E-01    5.20151156E-02
    -1.26302749E-02    9.29406031E-02    1.49010278E-01    5.83436313E-02
    -1.32359401E-02    9.30852082E-02    1.55845111E-01    5.71843969E-02
    -1.38160249E-02    1.00595136E-01    1.62555562E-01    5.92446411E-02
    -1.44509406E-02    1.06773573E-01    1.69774077E-01    6.19463182E-02
    -1.51233560E-02    1.15681224E-01    1.77170099E-01    6.31657442E-02
    -1.58596773E-02    1.10493334E-01    1.84503643E-01    6.86548244E-02
    -1.65104674E-02    1.24679175E-01    1.92067989E-01    6.93093598E-02
    -1.72782274E-02    1.33446436E-01    1.99917073E-01    7.05790429E-02
    -1.81017499E-02    1.17722294E-01    2.07659131E-01    7.60380884E-02
    -1.87338405E-02    1.44348958E-01    2.15648431E-01    7.57232977E-02
    -1.96016363E-02    1.32314905E-01    2.23893552E-01    8.87649386E-02
    -2.03163876E-02    1.43719064E-01    2.32250674E-01    8.34822547E-02
    -2.11112611E-02    1.55215018E-01    2.40360552E-01    8.50477376E-02
    -2.19827874E-02    1.39468705E-01    2.48867521E-01    1.00519745E-01
    -2.26715218E-02    1.48157790E-01    2.57474853E-01    9.34299567E-02
    -2.34129852E-02    1.71625517E-01    2.65983162E-01    9.39801274E-02
    -2.43394256E-02    1.63735419E-01    2.74780759E-01    1.03409335E-01
    -2.51581243E-02    1.74972706E-01    2.83552224E-01    1.01461577E-01
    -2.60448779E-02    1.79025654E-01    2.92386806E-01    1.09201662E-01
    -2.69328608E-02    2.01496755E-01    3.01327450E-01    1.05693591E-01
    -2.79820008E-02    1.98866998E-01    3.10018183E-01    1.08961026E-01
    -2.89684452E-02    2.09922498E-01    3.18796193E-01    1.11057829E-01
    -3.00111167E-02    1.97720519E-01    3.27506391E-01    1.23602169E-01
    -3.09124348E-02    2.03986913E-01    3.35626545E-01    1.23147294E-01
    -3.18319073E-02    2.09324362E-01    3.44119605E-01    1.22129835E-01
    -3.27607637E-02    2.07919859E-01    3.52343111E-01    1.25255555E-01
    -3.36439994E-02    2.32760768E-01    3.60307181E-01    1.33555271E-01
    -3.46924912E-02    2.30192758E-01    3.68238549E-01    1.28863251E-01
    -3.56826983E-02    2.17523202E-01    3.75747780E-01    1.39373069E-01
    -3.65388275E-02    2.23290535E-01    3.83020668E-01    1.35833080E-01
    -3.74082244E-02    2.38055310E-01    3.90187263E-01    1.36481079E-01
    -3.83580387E-02    2.39588812E-01    3.97000972E-01    1.48420912E-01
    -3.92855668E-02    2.66767619E-01    4.03637361E-01    1.38880990E-01
    -4.03800148E-02    2.55909525E-01    4.09768704E-01    1.62227126E-01
    -4.13572353E-02    2.72991893E-01    4.15438358E-01    1.41649364E-01
    -4.24226076E-02    2.59213518E-01    4.20403478E-01    1.54528166E-01
    -4.33538177E-02    2.64418789E-01    4.25399619E-01    1.48111023E-01
    -4.42890591E-02    2.31574949E-01    4.29243836E-01    1.69974933E-01
    -4.49666853E-02    2.69036626E-01    4.32703148E-01    1.48851318E-01
    -4.58748591E-02    2.76547503E-01    4.35575378E-01    1.51413930E-01
    -4.68023963E-02    2.66672115E-01    4.37775655E-01    1.61481171E-01
    -4.76335287E-02    2.56310332E-01    4.39127507E-01    1.57082980E-01
    -4.83694183E-02    3.04780035E-01    4.40179698E-01    1.47891841E-01
    -4.93907461E-02    2.72163474E-01    4.40129010E-01    1.59698925E-01
    -5.01725071E-02    2.60308032E-01    4.38658485E-01    1.63291487E-01
    -5.08546898E-02    2.75375204E-01    4.36739623E-01    1.56270988E-01
    -5.16065819E-02    2.91142426E-01    4.34011554E-01    1.44014091E-01
    -5.24289358E-02    2.70511016E-01    4.30172448E-01    1.57491285E-01
    -5.31019099E-02    2.65132990E-01    4.25132584E-01    1.51677117E-01
    -5.37215780E-02    2.69171533E-01    4.19459514E-01    1.51430981E-01
    -5.43444885E-02    2.59272658E-01    4.12219703E-01    1.47587901E-01
    -5.48911479E-02    2.46838818E-01    4.03586692E-01    1.42946585E-01
    -5.53508598E-02    2.45528721E-01    3.93766404E-01    1.40625284E-01
    -5.57888475E-02    2.52075388E-01    3.82641424E-01    1.30803917E-01
    -5.62486102E-02    2.21865724E-01    3.70398045E-01    1.27336384E-01
    -5.65325599E-02    2.05645273E-01    3.56442041E-01    1.36746002E-01
    -5.67223555E-02    2.19432747E-01    3.41086199E-01    1.18492933E-01
    -5.69778649E-02    2.06320827E-01    3.24585906E-01    1.12782714E-01
    -5.71586626E-02    1.78381712E-01    3.06191451E-01    1.16130759E-01
    -5.71934328E-02    1.64225215E-01    2.86116594E-01    1.06612836E-01
    -5.71569942E-02    1.68882257E-01    2.64570699E-01    8.94137306E-02
    -5.71443706E-02    1.48888151E-01    2.41371186E-01    8.81801068E-02
    -5.70358988E-02    1.33643512E-01    2.16371621E-01    7.63931337E-02
    -5.68582727E-02    1.33777252E-01    1.89690258E-01    6.05699406E-02
    -5.66863661E-02    1.00769668E-01    1.60952299E-01    5.96383164E-02
    -5.63673660E-02    8.13194155E-02    1.30221627E-01    4.50450588E-02
    -5.59690158E-02    5.91266887E-02    9.74977117E-02    3.58934044E-02
    -5.54823963E-02    3.59197639E-02    6.27901735E-02    2.30061050E-02
    -5.49067874E-02    1.58010597E-02    2.59538672E-02    9.55621104E-03
    -5.42593781E-02   -8.64991494E-03   -1.30149563E-02   -4.50381074E-03
    -5.35245525E-02   -3.50211069E-02   -5.42144036E-02   -1.92606469E-02
    -5.26976731E-02   -6.25070268E-02   -9.76574425E-02   -3.39831152E-02
    -5.17778090E-02   -9.02744732E-02   -1.43373932E-01   -5.20021316E-02
    -5.07676277E-02   -1.09001439E-01   -1.91607668E-01   -7.02863869E-02
    -4.97074797E-02   -1.50309750E-01   -2.42088929E-01   -8.73914916E-02
    -4.85089153E-02   -2.03268391E-01   -2.95221081E-01   -9.89229711E-02
    -4.71311505E-02   -2.14919859E-01   -3.50896585E-01   -1.26440220E-01
    -4.57421012E-02   -2.60095542E-01   -4.08936276E-01   -1.45802757E-01
    -4.42134317E-02   -3.10889295E-01   -4.69693838E-01   -1.64566402E-01
    -4.25291789E-02   -3.32934764E-01   -5.33197290E-01   -1.88240265E-01
    -4.08028386E-02   -3.63639662E-01   -5.99118035E-01   -2.13302777E-01
    -3.90038364E-02   -4.29631831E-01   -6.68728143E-01   -2.35184611E-01
    -3.70059550E-02   -4.50260157E-01   -7.39667331E-01   -2.61927775E-01
    -3.49802781E-02   -5.30868828E-01   -8.15275172E-01   -2.83382085E-01
    -3.27141141E-02   -5.34133676E-01   -8.92586957E-01   -3.15307522E-01
    -3.04880382E-02   -6.07040800E-01   -9.72475580E-01   -3.40320614E-01
    -2.80582944E-02   -6.33990035E-01   -1.05685997E+00   -3.99559940E-01
    -2.55899592E-02   -7.29844525E-01   -1.14326671E+00   -3.95703053E-01
    -2.28506413E-02   -7.37364996E-01   -1.23450888E+00   -4.31632086E-01
    -2.01460056E-02   -8.44480467E-01   -1.32680988E+00   -4.55811247E-01
    -1.71442909E-02   -9.94399302E-01   -1.42380611E+00   -4.71887266E-01
    -1.37147163E-02   -9.12150219E-01   -1.52331754E+00   -5.44866592E-01
    -1.06241362E-02   -1.07651982E+00   -1.62633904E+00   -5.51959069E-01
    -7.07158304E-03   -1.08150680E+00   -1.73206938E+00   -5.92866733E-01
    -3.57703615E-03   -1.16743993E+00   -1.83990942E+00   -6.25424919E-01
     1.15367524E-04   -1.13193726E+00   -1.95445249E+00   -7.60478153E-01
     3.62313207E-03   -1.30842254E+00   -2.06982111E+00   -7.01012687E-01
     7.60155254E-03   -1.50566869E+00   -2.19060399E+00   -7.19489966E-01
     1.20985685E-02   -1.37462032E+00   -2.31206952E+00   -8.08743833E-01
     1.61133707E-02   -1.49343157E+00   -2.44110306E+00   -8.92687412E-01
     2.04025141E-02   -1.51954104E+00   -2.57003748E+00   -9.19993434E-01
     2.46855126E-02   -1.80340143E+00   -2.70498976E+00   -9.04092141E-01
     2.97109258E-02   -1.74756894E+00   -2.84162970E+00   -9.69155709E-01
     3.44792536E-02   -2.10887901E+00   -2.98333133E+00   -9.54652676E-01
     4.01846977E-02   -1.71470609E+00   -3.12577709E+00   -1.20695919E+00
     4.46733112E-02   -2.08026678E+00   -3.27676842E+00   -1.12200883E+00
     5.00972624E-02   -2.23145227E+00   -3.42652518E+00   -1.18793839E+00
     5.58374984E-02   -2.28775161E+00   -3.57959368E+00   -1.17479792E+00
     6.16249192E-02   -2.17130263E+00   -3.74127258E+00   -1.35213358E+00
     6.69913458E-02   -2.66300717E+00   -3.90413207E+00   -1.29494795E+00
     7.35757065E-02   -2.53879607E+00   -4.06795333E+00   -1.34337759E+00
     7.97129883E-02   -2.64256668E+00   -4.24037881E+00   -1.44892804E+00
     8.60119740E-02   -2.84440299E+00   -4.41293124E+00   -1.57495050E+00
     9.27214575E-02   -2.90989312E+00   -4.58461248E+00   -1.49516653E+00
     9.94796993E-02   -2.94511387E+00   -4.76660928E+00   -1.60882302E+00
     1.06209061E-01   -3.10056515E+00   -4.95145203E+00   -1.76056841E+00
     1.13212576E-01   -3.26161340E+00   -5.13547781E+00   -1.68005524E+00
     1.20495125E-01   -3.34932475E+00   -5.32879892E+00   -1.76100016E+00
     1.27866200E-01   -3.57845851E+00   -5.52517683E+00   -1.89484185E+00
     1.35667482E-01   -3.73335223E+00   -5.71168079E+00   -1.87799416E+00
     1.43707160E-01   -3.80057131E+00   -5.91334791E+00   -1.89906376E+00
     1.51766940E-01   -3.79865362E+00   -6.11735400E+00   -2.14091946E+00
     1.59679339E-01   -4.03094610E+00   -6.32125454E+00   -2.06299112E+00
     1.67993547E-01   -4.26104181E+00   -6.53305741E+00   -2.05623639E+00
     1.76690714E-01   -4.45261550E+00   -6.74724600E+00   -2.27259105E+00
     1.85670397E-01   -4.56443820E+00   -6.94862257E+00   -2.17660082E+00
     1.94740964E-01   -4.70997882E+00   -7.16640593E+00   -2.23183727E+00
     2.03970561E-01   -4.86895101E+00   -7.38559985E+00   -2.29276826E+00
     2.13379325E-01   -5.03286159E+00   -7.60622870E+00   -2.34771020E+00
     2.22968681E-01   -5.17070993E+00   -7.83122679E+00   -2.40302324E+00
     2.32674132E-01   -5.34147515E+00   -8.05829717E+00   -2.46502542E+00
     2.42558296E-01   -5.51417804E+00   -8.28597931E+00   -2.52661839E+00
     2.52613781E-01   -5.68831666E+00   -8.51400711E+00   -2.58752375E+00
     2.62831444E-01   -6.37100787E+00   -8.74221531E+00   -2.27221534E+00
     2.74238629E-01   -6.48187528E+00   -8.96973685E+00   -2.36215536E+00
     2.85637356E-01   -6.45677593E+00   -9.20052233E+00   -2.55657657E+00
     2.96753035E-01   -6.59740916E+00   -9.42919012E+00   -2.60754776E+00
     3.07913027E-01   -6.69803318E+00   -9.66953659E+00   -2.52338201E+00
     3.19030779E-01   -7.39655158E+00   -9.90387903E+00   -2.43321178E+00
     3.31232944E-01   -7.48740538E+00   -1.01263215E+01   -2.42062315E+00
     3.43338034E-01   -7.75685007E+00   -1.03698294E+01   -2.52823315E+00
     3.55670607E-01   -8.30543676E+00   -1.05924276E+01   -2.27770569E+00
     3.68719342E-01   -7.77984411E+00   -1.08282376E+01   -2.67667879E+00
     3.80545636E-01   -8.48872184E+00   -1.10503259E+01   -2.52683818E+00
     3.93340092E-01   -8.43099557E+00   -1.12810041E+01   -2.56069440E+00
     4.05746070E-01   -8.41397540E+00   -1.15006540E+01   -2.67025762E+00
     4.17842245E-01   -8.84450228E+00   -1.17382471E+01   -2.81002477E+00
     4.30377501E-01   -9.03461806E+00   -1.19540702E+01   -2.79390016E+00
     4.42944799E-01   -8.53081963E+00   -1.21777848E+01   -3.20098643E+00
     4.54436815E-01   -8.76643533E+00   -1.23993500E+01   -3.32570584E+00
     4.66056171E-01   -9.27429628E+00   -1.26118510E+01   -3.21743232E+00
     4.78221308E-01   -9.07616064E+00   -1.28365847E+01   -3.59992131E+00
     4.89842362E-01   -8.09790222E+00   -1.30333238E+01   -4.32855989E+00
     4.99773643E-01   -8.45810559E+00   -1.32613517E+01   -4.34409363E+00
     5.10053121E-01   -8.53667228E+00   -1.34694756E+01   -4.31377923E+00
     5.20263522E-01   -9.60420014E+00   -1.36810648E+01   -4.10289212E+00
     5.31832243E-01   -8.27711415E+00   -1.39063816E+01   -4.84536848E+00
     5.41321156E-01   -8.79505733E+00   -1.41083945E+01   -4.85555531E+00
     5.51381210E-01   -9.59014540E+00   -1.43386948E+01   -4.77809428E+00
     5.62384894E-01   -9.51993148E+00   -1.45502524E+01   -4.86251504E+00
     5.73125958E-01   -8.92862502E+00   -1.47549767E+01   -5.01131142E+00
     5.82907848E-01   -1.01794786E+01   -1.49690568E+01   -5.04828874E+00
     5.94230420E-01   -9.25267398E+00   -1.51905902E+01   -5.40730464E+00
     6.04163453E-01   -9.63456942E+00   -1.53957163E+01   -5.10820052E+00
     6.14465850E-01   -8.12703968E+00   -1.56012070E+01   -6.50907708E+00
     6.22667429E-01   -1.04576175E+01   -1.58185758E+01   -5.07246609E+00
     6.33782722E-01   -9.56677123E+00   -1.60476191E+01   -6.34660417E+00
     6.43620307E-01   -1.01027307E+01   -1.62569550E+01   -5.49619362E+00
     6.54024750E-01   -1.01476048E+01   -1.64624248E+01   -6.08163977E+00
     6.64368260E-01   -1.04100590E+01   -1.66711260E+01   -6.05714989E+00
     6.74929945E-01   -1.08876377E+01   -1.68920853E+01   -5.75655592E+00
     6.85979324E-01   -1.06997230E+01   -1.71067472E+01   -5.77498219E+00
     6.96687883E-01   -1.06327987E+01   -1.73207031E+01   -6.30184844E+00
     7.07213209E-01   -1.03043221E+01   -1.75349633E+01   -6.62718015E+00
     7.17240993E-01   -9.95763687E+00   -1.77528556E+01   -6.93611589E+00
     7.26759616E-01   -9.99634973E+00   -1.79789169E+01   -6.79671616E+00
     7.36245740E-01   -1.13971645E+01   -1.82056274E+01   -6.35438520E+00
     7.47344948E-01   -1.37247884E+01   -1.84164442E+01   -5.13804255E+00
     7.61147197E-01   -1.18981877E+01   -1.86548500E+01   -6.48241288E+00
     7.72642331E-01   -1.21117194E+01   -1.88522978E+01   -6.52478724E+00
     7.84280550E-01   -1.24519844E+01   -1.90836276E+01   -6.35986288E+00
     7.96191535E-01   -1.27411250E+01   -1.92900821E+01   -6.23819390E+00
     8.08275424E-01   -1.39336061E+01   -1.95105508E+01   -5.24009462E+00
     8.21497026E-01   -1.47280898E+01   -1.97195756E+01   -5.07090189E+00
     8.35198606E-01   -1.50773724E+01   -1.99624483E+01   -4.30938552E+00
     8.48439083E-01   -1.45853739E+01   -2.02797783E+01   -5.01088068E+00
     8.58373587E-01   -1.76078307E+01   -2.02645169E+01   -1.90915513E+00
     8.65393894E-01   -1.49672089E+01   -2.00484999E+01   -5.07121262E+00
     8.68770381E-01   -1.24341426E+01   -2.01832242E+01   -7.72215860E+00
     8.71270455E-01   -1.38032063E+01   -2.03788677E+01   -6.57566132E+00
     8.74214879E-01   -1.45691246E+01   -2.06351065E+01   -6.05297633E+00
     8.77574424E-01   -1.09150084E+01   -2.09639288E+01   -8.83024827E+00
     8.80127149E-01   -1.54792014E+01   -2.13647194E+01   -5.98109091E+00
     8.84578415E-01   -1.38379609E+01   -2.19005976E+01   -7.86716544E+00
     8.89079515E-01   -1.36633910E+01   -2.25862825E+01   -8.92289156E+00
     8.94442197E-01   -1.41607349E+01   -2.35834307E+01   -9.42269587E+00
     9.01698208E-01   -1.66980368E+01   -2.50102883E+01   -8.31225153E+00
     9.14787339E-01   -1.36402957E+01   -2.41267930E+01   -9.86136759E+00
     9.40072642E-01   -1.99970754E+01   -2.94267984E+01   -9.14641621E+00
     1.00000000E+00
