     0.00000000E+00   -3.80587632E-05   -6.26502538E-05   -2.49720783E-05
     1.68625010E-06   -4.90619764E-05   -7.65059457E-05   -2.77812193E-05
     3.57869851E-06   -4.71886134E-05   -9.15859978E-05   -3.71639158E-05
     5.12464140E-06   -6.60449734E-05   -1.08660758E-04   -4.32354313E-05
     7.24408348E-06   -8.10751274E-05   -1.27624657E-04   -4.72727334E-05
     9.69196621E-06   -8.97711830E-05   -1.48158341E-04   -5.87378957E-05
     1.21607796E-05   -1.04148840E-04   -1.71130146E-04   -6.80227947E-05
     1.48746440E-05   -1.19740287E-04   -1.96569062E-04   -7.80261780E-05
     1.78446424E-05   -1.33572031E-04   -2.24154332E-04   -8.86317791E-05
     2.09636017E-05   -1.55554023E-04   -2.55155268E-04   -1.01156785E-04
     2.45215722E-05   -1.64647231E-04   -2.89115707E-04   -1.15603990E-04
     2.79661397E-05   -1.99157969E-04   -3.26580606E-04   -1.29414217E-04
     3.22582093E-05   -2.32311902E-04   -3.68230643E-04   -1.36208807E-04
     3.72257457E-05   -2.52004517E-04   -4.12753928E-04   -1.63269456E-04
     4.22851530E-05   -2.82508972E-04   -4.62452503E-04   -1.82768621E-04
     4.78031148E-05   -3.03855070E-04   -5.15652639E-04   -1.96299866E-04
     5.33924187E-05   -3.51797862E-04   -5.75236214E-04   -2.26956331E-04
     5.99488625E-05   -4.21046383E-04   -6.38731313E-04   -2.21119738E-04
     6.80505467E-05   -4.33836560E-04   -7.08624408E-04   -2.79126213E-04
     7.56199123E-05   -4.44478185E-04   -7.82838291E-04   -3.11565824E-04
     8.26533876E-05   -5.30819485E-04   -8.66147433E-04   -3.40636143E-04
     9.16170944E-05   -5.37473789E-04   -9.54833461E-04   -3.66936165E-04
     9.97740924E-05   -6.46112542E-04   -1.05323413E-03   -4.13582717E-04
     1.10330083E-04   -7.55353045E-04   -1.15769023E-03   -4.09890719E-04
     1.22987134E-04   -7.81329084E-04   -1.27244167E-03   -4.98925878E-04
     1.35037328E-04   -8.47943736E-04   -1.39342108E-03   -5.47350924E-04
     1.47716156E-04   -9.39641905E-04   -1.52750113E-03   -5.98612370E-04
     1.61646097E-04   -1.02598061E-03   -1.66858584E-03   -6.52865038E-04
     1.76525031E-04   -1.12495556E-03   -1.82468938E-03   -7.13390140E-04
     1.92578649E-04   -1.27568166E-03   -1.98864203E-03   -7.25717188E-04
     2.11036547E-04   -1.20644880E-03   -2.16843880E-03   -8.64340707E-04
     2.25912111E-04   -1.45524909E-03   -2.36047987E-03   -9.19783269E-04
     2.45711295E-04   -1.40818853E-03   -2.56664836E-03   -1.02103576E-03
     2.62487271E-04   -1.74577766E-03   -2.79606969E-03   -1.06774981E-03
     2.86016469E-04   -1.91638338E-03   -3.03636586E-03   -1.13914631E-03
     3.11544296E-04   -2.00595684E-03   -3.30073655E-03   -1.28827679E-03
     3.36938452E-04   -2.21254510E-03   -3.57817185E-03   -1.38782295E-03
     3.64939781E-04   -2.06986901E-03   -3.87734625E-03   -1.54278797E-03
     3.87278948E-04   -2.60595769E-03   -4.20738404E-03   -1.62748593E-03
     4.19822269E-04   -2.82136448E-03   -4.55338069E-03   -1.76022985E-03
     4.54449438E-04   -2.98445044E-03   -4.93173869E-03   -1.92815125E-03
     4.89815063E-04   -3.31499087E-03   -5.33357018E-03   -2.05932239E-03
     5.29442989E-04   -3.57739791E-03   -5.75936022E-03   -2.22014236E-03
     5.71488658E-04   -3.53817351E-03   -6.22269723E-03   -2.45171680E-03
     6.09446184E-04   -4.17414662E-03   -6.71976406E-03   -2.58333086E-03
     6.57529865E-04   -4.14901007E-03   -7.24751955E-03   -2.84077457E-03
     7.01472493E-04   -4.68772437E-03   -7.82637612E-03   -3.03949053E-03
     7.52857909E-04   -5.16560084E-03   -8.43154396E-03   -3.24486803E-03
     8.09835819E-04   -5.47401922E-03   -9.07810592E-03   -3.50584653E-03
     8.68645921E-04   -6.13681932E-03   -9.78858900E-03   -3.74924191E-03
     9.35881202E-04   -6.57936236E-03   -1.05286359E-02   -4.01506712E-03
     1.00669899E-03   -6.94394628E-03   -1.13151890E-02   -4.34543511E-03
     1.07936047E-03   -7.34761747E-03   -1.21721518E-02   -4.70427751E-03
     1.15443154E-03   -8.20173211E-03   -1.30767207E-02   -4.97208020E-03
     1.23983810E-03   -8.80795148E-03   -1.40296379E-02   -5.32994222E-03
     1.33034831E-03   -9.32556442E-03   -1.50630318E-02   -5.66282908E-03
     1.42400817E-03   -8.75737417E-03   -1.61518509E-02   -6.47126075E-03
     1.50175206E-03   -1.05283886E-02   -1.73146885E-02   -6.63031023E-03
     1.60483504E-03   -1.11789915E-02   -1.85709144E-02   -7.13787106E-03
     1.71240047E-03   -1.07499916E-02   -1.98863327E-02   -7.73888648E-03
     1.80608716E-03   -1.26166918E-02   -2.13149765E-02   -8.70645981E-03
     1.92477205E-03   -1.44242063E-02   -2.28391727E-02   -8.59670659E-03
     2.06565639E-03   -1.46388284E-02   -2.44319577E-02   -9.48236765E-03
     2.20149369E-03   -1.66402714E-02   -2.61624173E-02   -9.85495131E-03
     2.36104773E-03   -1.52969154E-02   -2.79566243E-02   -1.07989268E-02
     2.49008014E-03   -1.88391291E-02   -2.98984933E-02   -1.12667552E-02
     2.66657170E-03   -1.94616486E-02   -3.19518365E-02   -1.20674475E-02
     2.84241670E-03   -2.17578777E-02   -3.41061004E-02   -1.27833803E-02
     3.04301918E-03   -2.32499524E-02   -3.64412460E-02   -1.36172704E-02
     3.25462983E-03   -2.35963964E-02   -3.88181151E-02   -1.47210740E-02
     3.45951126E-03   -2.55795268E-02   -4.14246860E-02   -1.63567498E-02
     3.68204980E-03   -2.40716237E-02   -4.41252857E-02   -1.69449722E-02
     3.87053709E-03   -3.01511191E-02   -4.70284603E-02   -1.74803636E-02
     4.13572361E-03   -2.81338844E-02   -5.00894049E-02   -1.91583825E-02
     4.35808239E-03   -3.35088336E-02   -5.33081681E-02   -2.04695112E-02
     4.64368731E-03   -3.33901453E-02   -5.67551261E-02   -2.14190736E-02
     4.91252886E-03   -3.85199493E-02   -6.03211184E-02   -2.23349173E-02
     5.23732532E-03   -3.78787790E-02   -6.41458852E-02   -2.43081185E-02
     5.53658562E-03   -4.39379804E-02   -6.81277767E-02   -2.51497201E-02
     5.90128665E-03   -4.00568807E-02   -7.23302716E-02   -2.75444974E-02
     6.19615845E-03   -4.87305720E-02   -7.68089949E-02   -2.87027572E-02
     6.58917264E-03   -4.12847858E-02   -8.15154235E-02   -3.05370260E-02
     6.86621637E-03   -7.04984962E-02   -8.65168372E-02   -5.00544192E-02
     7.50049853E-03   -5.01522899E-02   -9.15844305E-02   -3.78962605E-02
     7.84795749E-03   -5.75353888E-02   -9.71059990E-02   -3.62811840E-02
     8.27028360E-03   -6.65827654E-02   -1.02714668E-01   -3.74386123E-02
     8.78312732E-03   -6.71641292E-02   -1.08744449E-01   -4.02393124E-02
     9.27828149E-03   -6.87886916E-02   -1.15007692E-01   -4.32004479E-02
     9.76917951E-03   -6.90133299E-02   -1.21471254E-01   -4.84262776E-02
     1.02393889E-02   -8.16104042E-02   -1.28456804E-01   -4.69567815E-02
     1.08348024E-02   -8.71365847E-02   -1.35775140E-01   -4.94430195E-02
     1.14661907E-02   -8.14168985E-02   -1.43408507E-01   -5.70137662E-02
     1.20029367E-02   -9.07449808E-02   -1.51241886E-01   -5.55174805E-02
     1.26201764E-02   -9.97589898E-02   -1.59548302E-01   -5.82885842E-02
     1.33096536E-02   -1.04990383E-01   -1.68329509E-01   -6.59079024E-02
     1.40254684E-02   -1.06030643E-01   -1.77518615E-01   -6.51370768E-02
     1.47204985E-02   -1.15570046E-01   -1.86754097E-01   -6.80639857E-02
     1.54870354E-02   -1.23757242E-01   -1.96778762E-01   -7.17996530E-02
     1.63065639E-02   -1.35312042E-01   -2.07235427E-01   -7.38848149E-02
     1.72112927E-02   -1.30471953E-01   -2.17864279E-01   -8.10685015E-02
     1.80267994E-02   -1.48664934E-01   -2.29017996E-01   -8.26430828E-02
     1.89931381E-02   -1.60732271E-01   -2.40794179E-01   -8.50103619E-02
     2.00400803E-02   -1.43283548E-01   -2.52748531E-01   -9.25483750E-02
     2.08689856E-02   -1.77590788E-01   -2.65309673E-01   -9.31614632E-02
     2.20009804E-02   -1.64609245E-01   -2.78539659E-01   -1.10429959E-01
     2.29597470E-02   -1.80860777E-01   -2.92271856E-01   -1.05056804E-01
     2.40351512E-02   -1.97655280E-01   -3.06082057E-01   -1.08302241E-01
     2.52260352E-02   -1.79792566E-01   -3.20821291E-01   -1.29582496E-01
     2.62013723E-02   -1.93413992E-01   -3.36122989E-01   -1.21969023E-01
     2.72635607E-02   -2.26970909E-01   -3.51756785E-01   -1.24286617E-01
     2.85901734E-02   -2.19454357E-01   -3.68288274E-01   -1.38599390E-01
     2.97966335E-02   -2.37772063E-01   -3.85321796E-01   -1.37877096E-01
     3.11190498E-02   -2.46765549E-01   -4.03020400E-01   -1.50521489E-01
     3.24692572E-02   -2.81844788E-01   -4.21483568E-01   -1.47839541E-01
     3.40724295E-02   -2.82424483E-01   -4.40277804E-01   -1.54742928E-01
     3.56192664E-02   -3.02845008E-01   -4.59911808E-01   -1.60217745E-01
     3.72804159E-02   -2.89918483E-01   -4.80224088E-01   -1.81238414E-01
     3.87708798E-02   -3.04170087E-01   -5.00461300E-01   -1.83628070E-01
     4.03235080E-02   -3.17585796E-01   -5.22096413E-01   -1.85294728E-01
     4.19279090E-02   -3.21152490E-01   -5.44228282E-01   -1.93469415E-01
     4.35017859E-02   -3.66224084E-01   -5.66904674E-01   -2.10134883E-01
     4.53765543E-02   -3.69174882E-01   -5.90567765E-01   -2.06666255E-01
     4.72063260E-02   -3.55824365E-01   -6.14648065E-01   -2.27986409E-01
     4.88663068E-02   -3.72793427E-01   -6.39469951E-01   -2.26779336E-01
     5.05962687E-02   -4.05913555E-01   -6.65317229E-01   -2.32717010E-01
     5.25144830E-02   -4.17535650E-01   -6.91860597E-01   -2.58655742E-01
     5.44511918E-02   -4.75507375E-01   -7.19474661E-01   -2.47552290E-01
     5.67454116E-02   -4.66957037E-01   -7.47703235E-01   -2.96015156E-01
     5.88969366E-02   -5.10363356E-01   -7.76669637E-01   -2.64816087E-01
     6.12840103E-02   -4.96975545E-01   -8.06016018E-01   -2.96268188E-01
     6.34938712E-02   -5.20393474E-01   -8.37214278E-01   -2.91492183E-01
     6.57903199E-02   -4.68311483E-01   -8.68055105E-01   -3.43738445E-01
     6.76502957E-02   -5.59609446E-01   -9.00043880E-01   -3.09618080E-01
     7.00650366E-02   -5.92325426E-01   -9.32940520E-01   -3.24307106E-01
     7.26163561E-02   -5.88857866E-01   -9.66683894E-01   -3.56578183E-01
     7.50584737E-02   -5.84238971E-01   -1.00095615E+00   -3.58058131E-01
     7.73883208E-02   -7.18084188E-01   -1.03709576E+00   -3.48444059E-01
     8.04964346E-02   -6.63816291E-01   -1.07349014E+00   -3.89511300E-01
     8.31591554E-02   -6.58293336E-01   -1.10932404E+00   -4.12948062E-01
     8.56992845E-02   -7.23263492E-01   -1.14708158E+00   -4.10440369E-01
     8.85532639E-02   -7.95644454E-01   -1.18608233E+00   -3.93566868E-01
     9.17502992E-02   -7.70782987E-01   -1.22571572E+00   -4.48749206E-01
     9.46955493E-02   -7.89406871E-01   -1.26578961E+00   -4.51603394E-01
     9.76543666E-02   -8.39465946E-01   -1.30816946E+00   -4.72268188E-01
     1.00806152E-01   -8.49242453E-01   -1.35021747E+00   -4.83421245E-01
     1.03912143E-01   -8.51673584E-01   -1.39250433E+00   -4.93211849E-01
     1.06932964E-01   -8.95296004E-01   -1.43582994E+00   -5.12776080E-01
     1.10098860E-01   -9.74985019E-01   -1.47999239E+00   -5.05927453E-01
     1.13597822E-01   -9.14084690E-01   -1.52603645E+00   -5.24624701E-01
     1.16662127E-01   -9.06770117E-01   -1.57169181E+00   -6.02966393E-01
     1.19593385E-01   -1.04113279E+00   -1.61833650E+00   -5.62208144E-01
     1.23132065E-01   -1.06005271E+00   -1.66768510E+00   -5.79464629E-01
     1.26660355E-01   -9.99903824E-01   -1.71633067E+00   -6.50961292E-01
     1.29779870E-01   -1.01326564E+00   -1.76533254E+00   -6.57798651E-01
     1.32872636E-01   -1.15935501E+00   -1.81624388E+00   -6.13813782E-01
     1.36587870E-01   -1.15259686E+00   -1.86854137E+00   -6.82633997E-01
     1.40162552E-01   -1.18686858E+00   -1.92156487E+00   -6.78436301E-01
     1.43796550E-01   -1.39425967E+00   -1.97699888E+00   -6.31274931E-01
     1.48295280E-01   -1.27222312E+00   -2.03203246E+00   -7.52937332E-01
     1.52104484E-01   -1.30347569E+00   -2.08733330E+00   -7.22031000E-01
     1.55949030E-01   -1.29977569E+00   -2.14328179E+00   -7.89040877E-01
     1.59670751E-01   -1.25940984E+00   -2.20153347E+00   -8.06634339E-01
     1.63112336E-01   -1.37562834E+00   -2.25952411E+00   -8.31956529E-01
     1.66965514E-01   -1.54176631E+00   -2.31979405E+00   -8.02762077E-01
     1.71427322E-01   -1.53830839E+00   -2.38137738E+00   -8.46027364E-01
     1.75756514E-01   -1.56352279E+00   -2.44275955E+00   -8.50038433E-01
     1.80077611E-01   -1.57694633E+00   -2.50450640E+00   -9.08391573E-01
     1.84341688E-01   -1.46176752E+00   -2.56956117E+00   -9.42577992E-01
     1.88028663E-01   -1.63480663E+00   -2.63302005E+00   -9.50491829E-01
     1.92314611E-01   -1.85867876E+00   -2.69949080E+00   -9.04548042E-01
     1.97377627E-01   -1.69475566E+00   -2.76700337E+00   -9.97047360E-01
     2.01676152E-01   -1.80234835E+00   -2.83374954E+00   -1.01034934E+00
     2.06282827E-01   -1.92097250E+00   -2.90221941E+00   -1.01684921E+00
     2.11227557E-01   -1.85582350E+00   -2.97211396E+00   -1.04927675E+00
     2.15809003E-01   -1.84595216E+00   -3.04131630E+00   -1.08279367E+00
     2.20245139E-01   -2.00185005E+00   -3.11590848E+00   -1.09583203E+00
     2.25146721E-01   -1.93857453E+00   -3.18460389E+00   -1.12771807E+00
     2.29705479E-01   -2.12402423E+00   -3.26194368E+00   -1.13382136E+00
     2.34819852E-01   -1.99586391E+00   -3.33527387E+00   -1.17818990E+00
     2.39366589E-01   -2.12753619E+00   -3.40829972E+00   -1.19274425E+00
     2.44269346E-01   -2.09209234E+00   -3.48751325E+00   -1.31850068E+00
     2.48941254E-01   -2.27529679E+00   -3.56414411E+00   -1.23360778E+00
     2.54132094E-01   -2.17836142E+00   -3.64704934E+00   -1.27514960E+00
     2.58884075E-01   -2.37062208E+00   -3.72461521E+00   -1.27955145E+00
     2.64171487E-01   -2.65919140E+00   -3.80749760E+00   -1.26190612E+00
     2.70292877E-01   -2.32907885E+00   -3.88962979E+00   -1.39125906E+00
     2.75214917E-01   -2.63001342E+00   -3.97326035E+00   -1.34847472E+00
     2.80998208E-01   -2.53292460E+00   -4.05656362E+00   -1.38851345E+00
     2.86353663E-01   -2.62569737E+00   -4.13815325E+00   -1.40664760E+00
     2.91890357E-01   -2.44882610E+00   -4.22825049E+00   -1.64521376E+00
     2.96766935E-01   -2.72676666E+00   -4.31352948E+00   -1.46091799E+00
     3.02397743E-01   -3.02697489E+00   -4.40395905E+00   -1.44645238E+00
     3.08826341E-01   -2.66952386E+00   -4.49005784E+00   -1.57058711E+00
     3.14055281E-01   -2.80497939E+00   -4.58490629E+00   -1.67665519E+00
     3.19584284E-01   -2.76343026E+00   -4.67385820E+00   -1.67309578E+00
     3.24884492E-01   -3.17894091E+00   -4.76821325E+00   -1.59368593E+00
     3.31290098E-01   -2.98910459E+00   -4.86042536E+00   -1.65767869E+00
     3.37026813E-01   -3.50342686E+00   -4.95613216E+00   -1.58594012E+00
     3.44117519E-01   -2.76944993E+00   -5.04849384E+00   -1.94937959E+00
     3.49008645E-01   -3.26916202E+00   -5.14947746E+00   -1.76324917E+00
     3.55201491E-01   -3.41494311E+00   -5.24384443E+00   -1.81798287E+00
     3.61681438E-01   -3.41220988E+00   -5.33900834E+00   -1.75222566E+00
     3.68033711E-01   -3.15870314E+00   -5.44261739E+00   -1.96701672E+00
     3.73584337E-01   -3.78110977E+00   -5.54333916E+00   -1.83865084E+00
     3.80699109E-01   -3.52089774E+00   -5.64159044E+00   -1.86304648E+00
     3.86997205E-01   -3.58191509E+00   -5.74769862E+00   -1.96397588E+00
     3.93342067E-01   -3.77066279E+00   -5.84997123E+00   -2.08782204E+00
     4.00062649E-01   -3.77494070E+00   -5.94751750E+00   -1.93964684E+00
     4.06674599E-01   -3.74108465E+00   -6.05487243E+00   -2.04363680E+00
     4.13084599E-01   -3.85869191E+00   -6.16214365E+00   -2.19104929E+00
     4.19679042E-01   -3.97897139E+00   -6.26497280E+00   -2.04956593E+00
     4.26458057E-01   -4.00741827E+00   -6.37583028E+00   -2.10701104E+00
     4.33188233E-01   -4.20137942E+00   -6.48697313E+00   -2.22468683E+00
     4.40273972E-01   -4.30330852E+00   -6.58366078E+00   -2.16470019E+00
     4.47482564E-01   -4.30302475E+00   -6.69512036E+00   -2.15012893E+00
     4.54564335E-01   -4.22647903E+00   -6.80632430E+00   -2.38204167E+00
     4.61339444E-01   -4.40929520E+00   -6.91457454E+00   -2.25662577E+00
     4.68420951E-01   -4.58436763E+00   -7.02878268E+00   -2.21226263E+00
     4.75780237E-01   -4.71376766E+00   -7.14298146E+00   -2.40588170E+00
     4.83303713E-01   -4.75679975E+00   -7.24146208E+00   -2.26833047E+00
     4.90788676E-01   -4.83391090E+00   -7.35497315E+00   -2.29056285E+00
     4.98308705E-01   -4.92311035E+00   -7.46775291E+00   -2.31827166E+00
     5.05885585E-01   -5.01546358E+00   -7.57993486E+00   -2.33959444E+00
     5.13521353E-01   -5.08044364E+00   -7.69451525E+00   -2.36107310E+00
     5.21153013E-01   -5.17638722E+00   -7.80924096E+00   -2.38883936E+00
     5.28843602E-01   -5.27248230E+00   -7.92279085E+00   -2.41587244E+00
     5.36587074E-01   -5.36831255E+00   -8.03503989E+00   -2.44195903E+00
     5.44376127E-01   -5.93647926E+00   -8.14596073E+00   -2.11724102E+00
     5.53169525E-01   -5.96553393E+00   -8.25521431E+00   -2.17398783E+00
     5.61842783E-01   -5.87146615E+00   -8.36649065E+00   -2.32482170E+00
     5.70151858E-01   -5.92966160E+00   -8.47482780E+00   -2.34362845E+00
     5.78402290E-01   -5.95206245E+00   -8.59262473E+00   -2.24234889E+00
     5.86521396E-01   -6.50047479E+00   -8.70404475E+00   -2.13843325E+00
     5.95504999E-01   -6.51008198E+00   -8.80454304E+00   -2.10466167E+00
     6.04310352E-01   -6.67446492E+00   -8.92283106E+00   -2.17544536E+00
     6.13223219E-01   -7.07464733E+00   -9.02272715E+00   -1.94017063E+00
     6.22660359E-01   -6.56244712E+00   -9.13382524E+00   -2.25782969E+00
     6.30979346E-01   -7.09264311E+00   -9.23295863E+00   -2.11126737E+00
     6.40034310E-01   -6.97981560E+00   -9.33926818E+00   -2.11993644E+00
     6.48691197E-01   -6.90373911E+00   -9.43638539E+00   -2.19096932E+00
     6.57023996E-01   -7.19424309E+00   -9.54805599E+00   -2.28571384E+00
     6.65649234E-01   -7.28725039E+00   -9.64205704E+00   -2.25353744E+00
     6.74235158E-01   -6.82492619E+00   -9.74261397E+00   -2.56089064E+00
     6.81897955E-01   -6.95787962E+00   -9.84130735E+00   -2.63959751E+00
     6.89607752E-01   -7.30422704E+00   -9.93281004E+00   -2.53397729E+00
     6.97694156E-01   -7.09467922E+00   -1.00341383E+01   -2.81399679E+00
     7.05300515E-01   -6.28389342E+00   -1.01137326E+01   -3.35892040E+00
     7.11545426E-01   -6.51657414E+00   -1.02172503E+01   -3.34692065E+00
     7.18018416E-01   -6.53118794E+00   -1.03051486E+01   -3.30036130E+00
     7.24397107E-01   -7.29771538E+00   -1.03955057E+01   -3.11756716E+00
     7.31767651E-01   -6.24752168E+00   -1.04964628E+01   -3.65725833E+00
     7.37522431E-01   -6.59513207E+00   -1.05794336E+01   -3.64102556E+00
     7.43670577E-01   -7.14537114E+00   -1.06833934E+01   -3.56003538E+00
     7.50484606E-01   -7.04884623E+00   -1.07734485E+01   -3.60035373E+00
     7.57063267E-01   -6.57081389E+00   -1.08585819E+01   -3.68795807E+00
     7.62897236E-01   -7.44668782E+00   -1.09504522E+01   -3.69302121E+00
     7.69824475E-01   -6.72944209E+00   -1.10480708E+01   -3.93271648E+00
     7.75701834E-01   -6.96741120E+00   -1.11336876E+01   -3.69408657E+00
     7.81813551E-01   -5.84461604E+00   -1.12197145E+01   -4.68104720E+00
     7.86380777E-01   -7.47947879E+00   -1.13137340E+01   -3.62792026E+00
     7.93006697E-01   -6.80588657E+00   -1.14164197E+01   -4.51503094E+00
     7.98688018E-01   -7.14971189E+00   -1.15050621E+01   -3.88966133E+00
     8.04740380E-01   -7.14496502E+00   -1.15912525E+01   -4.28210442E+00
     8.10718312E-01   -7.29343477E+00   -1.16800270E+01   -4.24372500E+00
     8.16818303E-01   -7.59125234E+00   -1.17777690E+01   -4.01367769E+00
     8.23227379E-01   -7.42537092E+00   -1.18717038E+01   -4.00770979E+00
     8.29368277E-01   -7.34548591E+00   -1.19657095E+01   -4.35352350E+00
     8.35352960E-01   -7.08728133E+00   -1.20604944E+01   -4.55815431E+00
     8.40967199E-01   -6.81959413E+00   -1.21582331E+01   -4.75027316E+00
     8.46206640E-01   -6.81765260E+00   -1.22618769E+01   -4.63545703E+00
     8.51399973E-01   -7.74160418E+00   -1.23663004E+01   -4.31626084E+00
     8.57666128E-01   -9.28650167E+00   -1.24609820E+01   -3.47651559E+00
     8.65735750E-01   -8.02139196E+00   -1.25765257E+01   -4.37024325E+00
     8.72220765E-01   -8.13733758E+00   -1.26660391E+01   -4.38372080E+00
     8.78781132E-01   -8.33901306E+00   -1.27801815E+01   -4.25915886E+00
     8.85506898E-01   -8.50716884E+00   -1.28798662E+01   -4.16520273E+00
     8.92336007E-01   -9.27798644E+00   -1.29915131E+01   -3.48922789E+00
     8.99919407E-01   -9.78335329E+00   -1.30990222E+01   -3.36842221E+00
     9.07833625E-01   -9.99491844E+00   -1.32332768E+01   -2.85672833E+00
     9.15491871E-01   -9.65368195E+00   -1.34226610E+01   -3.31657238E+00
     9.21191348E-01   -1.16352085E+01   -1.33907397E+01   -1.26156471E+00
     9.25334521E-01   -9.87351271E+00   -1.32255198E+01   -3.34535868E+00
     9.27271687E-01   -8.19002097E+00   -1.32941236E+01   -5.08636926E+00
     9.28647465E-01   -9.07719215E+00   -1.34014440E+01   -4.32425190E+00
     9.30302968E-01   -9.56413824E+00   -1.35462505E+01   -3.97357453E+00
     9.32207707E-01   -7.15156729E+00   -1.37356695E+01   -5.78562220E+00
     9.33549959E-01   -1.01195124E+01   -1.39671639E+01   -3.91013219E+00
     9.36087425E-01   -9.02367482E+00   -1.42812856E+01   -5.13014478E+00
     9.38588804E-01   -8.88298060E+00   -1.46840202E+01   -5.80103964E+00
     9.41547673E-01   -9.17149504E+00   -1.52743004E+01   -6.10280535E+00
     9.45560070E-01   -1.07588097E+01   -1.61145250E+01   -5.35571537E+00
     9.52970246E-01   -8.69760993E+00   -1.53842291E+01   -6.28801093E+00
     9.66515814E-01   -1.24970533E+01   -1.83901026E+01   -5.71599841E+00
     1.00000000E+00
