 294  -1
  0.570796372166D+00  5.541642288145D+06  2.000040067487D+10  1.115532336606D+33
  0.480021183759D+00  5.283417787285D+06  2.095125581796D+10  1.116875202236D+33
  0.404484037791D+00  5.041290992183D+06  2.193225921385D+10  1.118154121884D+33
  0.341515916985D+00  4.814046940524D+06  2.294372705813D+10  1.119372140596D+33
  0.288933742474D+00  4.600721023972D+06  2.398590414673D+10  1.120532158417D+33
  0.244945903920D+00  4.400288217452D+06  2.505896237549D+10  1.121636937294D+33
  0.208083153035D+00  4.211696060582D+06  2.616299765644D+10  1.122689107653D+33
  0.177137475460D+00  4.033958713838D+06  2.729802164368D+10  1.123691174661D+33
  0.151131213558D+00  3.866125451416D+06  2.846389020276D+10  1.124645524193D+33
  0.129232816828D+00  3.707391401605D+06  2.966031077625D+10  1.125554428510D+33
  0.110757961431D+00  3.557106758797D+06  3.088691164902D+10  1.126420051668D+33
  9.515353692267D-02  3.414543377307D+06  3.214315604809D+10  1.127244454676D+33
  8.194337679286D-02  3.279194627164D+06  3.342836569407D+10  1.128029600398D+33
  7.073864240184D-02  3.150519995751D+06  3.474178813362D+10  1.128777358228D+33
  6.122564089332D-02  3.027828480676D+06  3.608246283583D+10  1.129489508543D+33
  5.313071698410D-02  2.910564064045D+06  3.744924099951D+10  1.130167746938D+33
  4.622793937818D-02  2.798442035250D+06  3.884088941292D+10  1.130813688266D+33
  4.032935609681D-02  2.691166273656D+06  4.025607544331D+10  1.131428870484D+33
  3.527287464648D-02  2.588459604952D+06  4.169347349674D+10  1.132014758310D+33
  3.093062896957D-02  2.490148128136D+06  4.315174051151D+10  1.132572746716D+33
  2.718817048635D-02  2.396121483102D+06  4.462956845856D+10  1.133104164245D+33
  2.395540661811D-02  2.306229324902D+06  4.612574378617D+10  1.133610276178D+33
  2.115502643338D-02  2.220274959518D+06  4.763908280135D+10  1.134092287543D+33
  1.872203571230D-02  2.138153324918D+06  4.916851130098D+10  1.134551345985D+33
  1.660336235904D-02  2.059718480868D+06  5.071303011330D+10  1.134988544502D+33
  1.475268842678D-02  1.984813114605D+06  5.227174181230D+10  1.135404924041D+33
  1.313174995036D-02  1.913476895946D+06  5.384390330611D+10  1.135801475984D+33
  1.170623294641D-02  1.845770596960D+06  5.542903592970D+10  1.136179144501D+33
  1.045116401359D-02  1.781456810145D+06  5.702680404818D+10  1.136538828802D+33
  9.342952776192D-03  1.720375519314D+06  5.863692363897D+10  1.136881385280D+33
  8.363353685529D-03  1.662337294598D+06  6.025917340704D+10  1.137207629544D+33
  7.495617246672D-03  1.607128521533D+06  6.189333503159D+10  1.137518338368D+33
  6.725948537631D-03  1.554609072628D+06  6.353922677478D+10  1.137814251533D+33
  6.041995854312D-03  1.504639150784D+06  6.519669272106D+10  1.138096073595D+33
  5.433300318670D-03  1.457052601433D+06  6.686563000248D+10  1.138364475559D+33
  4.891257783527D-03  1.411686342583D+06  6.854588627272D+10  1.138620096476D+33
  4.407403959611D-03  1.368421422217D+06  7.023734823672D+10  1.138863544970D+33
  3.975528412939D-03  1.327134325682D+06  7.193989095906D+10  1.139095400678D+33
  3.589034202459D-03  1.287661003934D+06  7.365340363239D+10  1.139316215637D+33
  3.243454689955D-03  1.249890496804D+06  7.537772727761D+10  1.139526515599D+33
  2.933548834443D-03  1.213741089072D+06  7.711268629183D+10  1.139726801277D+33
  2.655763024543D-03  1.179097663744D+06  7.885813147826D+10  1.139917549542D+33
  2.406279191779D-03  1.145886865743D+06  8.061385935032D+10  1.140099214556D+33
  2.182043583453D-03  1.113995738491D+06  8.237972426728D+10  1.140272228855D+33
  1.980516376870D-03  1.083364012952D+06  8.415546577352D+10  1.140437004377D+33
  1.798784013902D-03  1.053937772051D+06  8.594093923229D+10  1.140593933447D+33
  1.635186976881D-03  1.025636430737D+06  8.773598093905D+10  1.140743389703D+33
  1.487510865435D-03  9.983945721556D+05  8.954035425075D+10  1.140885728995D+33
  1.354156193956D-03  9.722010999360D+05  9.135393658632D+10  1.141021290226D+33
  1.233582381242D-03  9.470585741597D+05  9.317659930782D+10  1.141150396160D+33
  1.124314028237D-03  9.229151472628D+05  9.500837957583D+10  1.141273354192D+33
  1.025418991935D-03  8.997191493884D+05  9.684927152401D+10  1.141390457079D+33
  9.356856830488D-04  8.774117656714D+05  9.869924832553D+10  1.141501983639D+33
  8.543201204247D-04  8.559485942853D+05  1.005583194599D+11  1.141608199410D+33
  7.804995535099D-04  8.352905585293D+05  1.024263662203D+11  1.141709357288D+33
  7.133651347553D-04  8.153943200364D+05  1.043034026879D+11  1.141805698123D+33
  6.524228277663D-04  7.962195607596D+05  1.061893783493D+11  1.141897451300D+33
  5.969648686066D-04  7.777247100184D+05  1.080841852744D+11  1.141984835278D+33
  5.465165764609D-04  7.598700067406D+05  1.099877841540D+11  1.142068058114D+33
  5.006518004944D-04  7.426195018866D+05  1.118999479511D+11  1.142147317958D+33
  4.588044473786D-04  7.259403589251D+05  1.138205949681D+11  1.142222803523D+33
  4.207298963827D-04  7.098006010292D+05  1.157496071600D+11  1.142294694538D+33
  3.860103368223D-04  6.941863247838D+05  1.176867142993D+11  1.142363162171D+33
  3.543176382672D-04  6.790729903491D+05  1.196318176839D+11  1.142428369441D+33
  3.254270896693D-04  6.644390663294D+05  1.215846937511D+11  1.142490471603D+33
  2.990142992751D-04  6.502603180869D+05  1.235451493786D+11  1.142549616518D+33
  2.748904953440D-04  6.365176734321D+05  1.255130577123D+11  1.142605945010D+33
  2.528730282507D-04  6.231865180847D+05  1.274880554803D+11  1.142659591192D+33
  2.326932395627D-04  6.102457072994D+05  1.294699720786D+11  1.142710682794D+33
  2.142535874720D-04  5.976812248538D+05  1.314586467094D+11  1.142759341462D+33
  1.973913656103D-04  5.854728885107D+05  1.334536379819D+11  1.142805683051D+33
  1.819173271197D-04  5.736114918788D+05  1.354547610656D+11  1.142849817898D+33
  1.677591691016D-04  5.620867718692D+05  1.374617915387D+11  1.142891851086D+33
  1.547818489426D-04  5.508828071290D+05  1.394743191416D+11  1.142931882693D+33
  1.428634177147D-04  5.399827273503D+05  1.414921510205D+11  1.142970008033D+33
  1.319438828455D-04  5.293773179177D+05  1.435149754665D+11  1.143006317881D+33
  1.219142825060D-04  5.190577264441D+05  1.455424017450D+11  1.143040898688D+33
  1.126930936109D-04  5.090151456101D+05  1.475742373770D+11  1.143073832790D+33
  1.042318944420D-04  4.992396839286D+05  1.496101301012D+11  1.143105198602D+33
  9.644937673996D-05  4.897093877631D+05  1.516496771144D+11  1.143135070803D+33
  8.928901404559D-05  4.804111438982D+05  1.536926089230D+11  1.143163520519D+33
  8.273450696947D-05  4.713384644502D+05  1.557381931808D+11  1.143190615486D+33
  7.693834683402D-05  4.624639512965D+05  1.577825191607D+11  1.143216420217D+33
  7.117756895558D-05  4.537834427144D+05  1.598279066616D+11  1.143240996151D+33
  6.605105101473D-05  4.453027254312D+05  1.618771370512D+11  1.143264401803D+33
  6.131420040252D-05  4.370045373032D+05  1.639273261786D+11  1.143286692900D+33
  5.694034922495D-05  4.288887292967D+05  1.659783403437D+11  1.143307922516D+33
  5.291362047115D-05  4.209511036789D+05  1.680296989615D+11  1.143328141198D+33
  4.919771140647D-05  4.131779086599D+05  1.700807958632D+11  1.143347397085D+33
  4.575942930551D-05  4.055626646249D+05  1.721313280020D+11  1.143365736025D+33
  4.258828344792D-05  3.981065550461D+05  1.741808831082D+11  1.143383201683D+33
  3.966050735554D-05  3.908156185161D+05  1.762288108439D+11  1.143399835643D+33
  3.694042653597D-05  3.836961014794D+05  1.782749246291D+11  1.143415677509D+33
  3.442643600277D-05  3.767427086909D+05  1.803190569923D+11  1.143430765001D+33
  3.210172901353D-05  3.699492299326D+05  1.823606340605D+11  1.143445134040D+33
  2.994011527381D-05  3.633103128681D+05  1.843994493797D+11  1.143458818840D+33
  2.793825745267D-05  3.568209728520D+05  1.864353478976D+11  1.143471851983D+33
  2.608367649981D-05  3.504827561135D+05  1.884678530127D+11  1.143484264499D+33
  2.436018585508D-05  3.442917943072D+05  1.904966691704D+11  1.143496085944D+33
  2.275773258422D-05  3.382365674291D+05  1.925216971013D+11  1.143507344463D+33
  2.127197793291D-05  3.323189157956D+05  1.945426251612D+11  1.143518066861D+33
  1.989288373062D-05  3.265381555527D+05  1.965589669538D+11  1.143528278669D+33
  1.860485525539D-05  3.208871330230D+05  1.985706768441D+11  1.143538004201D+33
  1.740937531197D-05  3.153601156234D+05  2.005776602995D+11  1.143547266612D+33
  1.629925629435D-05  3.099538575096D+05  2.025793824216D+11  1.143556087956D+33
  1.526362123921D-05  3.046645350950D+05  2.045755919526D+11  1.143564489236D+33
  1.429824154081D-05  2.994898481081D+05  2.065662442138D+11  1.143572490455D+33
  1.340058808747D-05  2.944289164323D+05  2.085510343746D+11  1.143580110664D+33
  1.256556542234D-05  2.894748183825D+05  2.105294713603D+11  1.143587368005D+33
  1.178294887026D-05  2.846245406249D+05  2.125015224699D+11  1.143594279759D+33
  1.105474312074D-05  2.798756690365D+05  2.144671348777D+11  1.143600862381D+33
  1.037680895030D-05  2.752249194093D+05  2.164257851586D+11  1.143607131546D+33
  9.743027446913D-06  2.706716918578D+05  2.183771951321D+11  1.143613102179D+33
  9.149891155811D-06  2.662124036291D+05  2.203213712804D+11  1.143618788496D+33
  8.597260642111D-06  2.618431185376D+05  2.222580748588D+11  1.143624204036D+33
  8.081932496404D-06  2.575607848394D+05  2.241868028393D+11  1.143629361693D+33
  7.598466259319D-06  2.533644052700D+05  2.261074231311D+11  1.143634273747D+33
  7.146422706450D-06  2.492504530016D+05  2.280199292692D+11  1.143638951894D+33
  6.724774611360D-06  2.452094242334D+05  2.299239360467D+11  1.143643407272D+33
  6.331423375831D-06  2.412379267628D+05  2.318188831605D+11  1.143647650489D+33
  5.961142177973D-06  2.373354309101D+05  2.337046961552D+11  1.143651691649D+33
  5.615477098139D-06  2.334990590617D+05  2.355813098426D+11  1.143655540372D+33
  5.292620554162D-06  2.297253341949D+05  2.374481785467D+11  1.143659205822D+33
  4.990762583395D-06  2.260141040705D+05  2.393048026947D+11  1.143662696728D+33
  4.706338406664D-06  2.223636104610D+05  2.411511270861D+11  1.143666021400D+33
  4.440409140984D-06  2.187716047145D+05  2.429870699730D+11  1.143669187754D+33
  4.191771474014D-06  2.152373033710D+05  2.448120971679D+11  1.143672203329D+33
  3.958872202898D-06  2.117601748119D+05  2.466257359430D+11  1.143675075305D+33
  3.739036054423D-06  2.083383670555D+05  2.484279765744D+11  1.143677810521D+33
  3.533251865184D-06  2.049698952033D+05  2.502187504106D+11  1.143680415488D+33
  3.340525460112D-06  2.016543800085D+05  2.519975553804D+11  1.143682896410D+33
  3.159855885415D-06  1.983900117998D+05  2.537639304491D+11  1.143685259192D+33
  2.988976201588D-06  1.951744021156D+05  2.555178704973D+11  1.143687509460D+33
  2.828859440133D-06  1.920042894176D+05  2.572593263915D+11  1.143689652573D+33
  2.678768120160D-06  1.888756719043D+05  2.589877857623D+11  1.143691693633D+33
  2.537955627465D-06  1.857896174731D+05  2.607027669459D+11  1.143693637500D+33
  2.404715010721D-06  1.827480272241D+05  2.624041976309D+11  1.143695488802D+33
  2.279433690707D-06  1.797489323847D+05  2.640920870605D+11  1.143697251946D+33
  2.161834941293D-06  1.767910514849D+05  2.657660539428D+11  1.143698931131D+33
  2.051280617079D-06  1.738750615112D+05  2.674256832441D+11  1.143700530355D+33
  1.946856366779D-06  1.710004149682D+05  2.690708090950D+11  1.143702053426D+33
  1.848139318690D-06  1.681650586035D+05  2.707014846389D+11  1.143703503969D+33
  1.755301072984D-06  1.653696356649D+05  2.723175566100D+11  1.143704885439D+33
  1.667913726020D-06  1.626142024848D+05  2.739186670989D+11  1.143706201124D+33
  1.585581207601D-06  1.598988363386D+05  2.755045123521D+11  1.143707454158D+33
  1.507193635173D-06  1.572268668908D+05  2.770752276572D+11  1.143708647524D+33
  1.433224647519D-06  1.546020543047D+05  2.786309956321D+11  1.143709784062D+33
  1.363391358815D-06  1.520257902479D+05  2.801716440862D+11  1.143710866480D+33
  1.297376835565D-06  1.494995760673D+05  2.816970507601D+11  1.143711897354D+33
  1.234705863793D-06  1.470229547119D+05  2.832072859816D+11  1.143712879139D+33
  1.175076396381D-06  1.445950693424D+05  2.847026467411D+11  1.143713814172D+33
  1.118672813921D-06  1.422156650522D+05  2.861832791571D+11  1.143714704680D+33
  1.065275826635D-06  1.398832519718D+05  2.876491259471D+11  1.143715552782D+33
  1.014704974488D-06  1.375984705838D+05  2.891001580288D+11  1.143716360499D+33
  9.664573288073D-07  1.353609659820D+05  2.905366042991D+11  1.143717129753D+33
  9.205857184174D-07  1.331706641354D+05  2.919588170333D+11  1.143717862376D+33
  8.771272072910D-07  1.310259498618D+05  2.933668902395D+11  1.143718560112D+33
  8.359163711181D-07  1.289256316009D+05  2.947608126894D+11  1.143719224623D+33
  7.968068959114D-07  1.268700007697D+05  2.961406163166D+11  1.143719857490D+33
  7.593396870891D-07  1.248580663982D+05  2.975066581866D+11  1.143720460221D+33
  7.237674668446D-07  1.228897367808D+05  2.988593006055D+11  1.143721034250D+33
  6.899924941335D-07  1.209659009758D+05  3.001986000311D+11  1.143721580944D+33
  6.579008826200D-07  1.190854360938D+05  3.015246250740D+11  1.143722101606D+33
  6.273599171879D-07  1.172472158177D+05  3.028375056194D+11  1.143722597474D+33
  5.980703943397D-07  1.154511225958D+05  3.041376518165D+11  1.143723069729D+33
  5.702526411214D-07  1.136951285191D+05  3.054254037535D+11  1.143723519496D+33
  5.438097431721D-07  1.119776467932D+05  3.067008168748D+11  1.143723947845D+33
  5.186737720216D-07  1.102982790722D+05  3.079639624612D+11  1.143724355797D+33
  4.946958111202D-07  1.086568255520D+05  3.092150069288D+11  1.143724744323D+33
  4.717231124901D-07  1.070514156026D+05  3.104543423312D+11  1.143725114347D+33
  4.498967063245D-07  1.054798823433D+05  3.116822362972D+11  1.143725466751D+33
  4.291370811116D-07  1.039427587326D+05  3.128987334580D+11  1.143725802374D+33
  4.093911797272D-07  1.024382531518D+05  3.141039018570D+11  1.143726122015D+33
  3.905310682081D-07  1.009651242533D+05  3.152979207960D+11  1.143726426435D+33
  3.724849384449D-07  9.952325931673D+04  3.164811314721D+11  1.143726716359D+33
  3.553233704955D-07  9.811242889061D+04  3.176537476233D+11  1.143726992477D+33
  3.389836882248D-07  9.673369364780D+04  3.188158368579D+11  1.143727255446D+33
  3.234294151300D-07  9.538547964398D+04  3.199674867369D+11  1.143727505893D+33
  3.085330600682D-07  9.406716950432D+04  3.211089369105D+11  1.143727744414D+33
  2.942895173467D-07  9.277818394971D+04  3.222405436175D+11  1.143727971577D+33
  2.807333833090D-07  9.151669491235D+04  3.233624918486D+11  1.143728187923D+33
  2.678334327951D-07  9.028241236300D+04  3.244748322967D+11  1.143728393966D+33
  2.555476245139D-07  8.907467369217D+04  3.255776269137D+11  1.143728590198D+33
  2.437707737601D-07  8.789224336841D+04  3.266711222043D+11  1.143728777086D+33
  2.325177106256D-07  8.673412098772D+04  3.277556476842D+11  1.143728955074D+33
  2.218155964412D-07  8.559951426223D+04  3.288313271201D+11  1.143729124586D+33
  2.116271338082D-07  8.448743949778D+04  3.298981840951D+11  1.143729286026D+33
  2.019290836370D-07  8.339736023411D+04  3.309562583167D+11  1.143729439779D+33
  1.926192570488D-07  8.232889218071D+04  3.320057925534D+11  1.143729586210D+33
  1.837374213800D-07  8.128106291200D+04  3.330470853001D+11  1.143729725669D+33
  1.752882844947D-07  8.025327043673D+04  3.340802080527D+11  1.143729858486D+33
  1.672461599439D-07  7.924502553996D+04  3.351051703986D+11  1.143729984979D+33
  1.595916390333D-07  7.825559323076D+04  3.361219898877D+11  1.143730105448D+33
  1.522358775972D-07  7.728307575867D+04  3.371309090130D+11  1.143730220181D+33
  1.452320530802D-07  7.632662182584D+04  3.381321793152D+11  1.143730329450D+33
  1.385705690947D-07  7.538636862239D+04  3.391258050988D+11  1.143730433516D+33
  1.322344527339D-07  7.446179008300D+04  3.401117608278D+11  1.143730532626D+33
  1.262044068662D-07  7.355225795105D+04  3.410900296959D+11  1.143730627017D+33
  1.204045737199D-07  7.265686890229D+04  3.420608473900D+11  1.143730716913D+33
  1.148865883814D-07  7.177536540864D+04  3.430244434176D+11  1.143730802529D+33
  1.096389985430D-07  7.090760974192D+04  3.439807869717D+11  1.143730884067D+33
  1.046481168874D-07  7.005306224996D+04  3.449298345707D+11  1.143730961723D+33
  9.989837573524D-08  6.921163308658D+04  3.458715537769D+11  1.143731035680D+33
  9.532214370587D-08  6.838269546990D+04  3.468061939638D+11  1.143731106116D+33
  9.097327278747D-08  6.756582989099D+04  3.477339745782D+11  1.143731173198D+33
  8.683791969070D-08  6.676087279035D+04  3.486548257759D+11  1.143731237085D+33
  8.290295162257D-08  6.596757929488D+04  3.495687006551D+11  1.143731297931D+33
  7.915652011471D-08  6.518533037191D+04  3.504755743232D+11  1.143731355878D+33
  7.554818718173D-08  6.441411858549D+04  3.513756746924D+11  1.143731411067D+33
  7.211899789909D-08  6.365365368067D+04  3.522691928121D+11  1.143731463627D+33
  6.885794775740D-08  6.290235749001D+04  3.531560510465D+11  1.143731513685D+33
  6.576174316727D-08  6.215698621459D+04  3.540361476139D+11  1.143731561358D+33
  6.282073131937D-08  6.141470796584D+04  3.549093520995D+11  1.143731606762D+33
  5.999735923200D-08  6.067477272071D+04  3.557757517651D+11  1.143731650004D+33
  5.732164870395D-08  5.993639503533D+04  3.566353874074D+11  1.143731691186D+33
  5.478699512996D-08  5.919898637323D+04  3.574880311163D+11  1.143731730407D+33
  5.238347582497D-08  5.846263339676D+04  3.583334614680D+11  1.143731767761D+33
  5.010405011595D-08  5.772707461016D+04  3.591714746291D+11  1.143731803336D+33
  4.791309502344D-08  5.699142028616D+04  3.600021161471D+11  1.143731837217D+33
  4.583840495388D-08  5.625524948310D+04  3.608254028894D+11  1.143731869484D+33
  4.387387455445D-08  5.551791225804D+04  3.616410713440D+11  1.143731900215D+33
  4.201313879550D-08  5.477962742634D+04  3.624488592733D+11  1.143731929483D+33
  4.024925961089D-08  5.403997036294D+04  3.632485212255D+11  1.143731957357D+33
  3.856036182205D-08  5.329880207906D+04  3.640399954119D+11  1.143731983903D+33
  3.695554341222D-08  5.255599181516D+04  3.648232596364D+11  1.143732009186D+33
  3.543712268986D-08  5.181071582691D+04  3.655980890321D+11  1.143732033264D+33
  3.400045567690D-08  5.106261010093D+04  3.663641870849D+11  1.143732056196D+33
  3.264042775326D-08  5.031171058172D+04  3.671212664231D+11  1.143732078036D+33
  3.134797632998D-08  4.955888882451D+04  3.678691084861D+11  1.143732098836D+33
  3.011095957397D-08  4.880525357973D+04  3.686076612276D+11  1.143732118645D+33
  2.893977723550D-08  4.805101469350D+04  3.693368178688D+11  1.143732137512D+33
  2.783065720452D-08  4.729647628278D+04  3.700563155806D+11  1.143732155479D+33
  2.677865452399D-08  4.654248444501D+04  3.707659208975D+11  1.143732172592D+33
  2.578087552363D-08  4.578901178578D+04  3.714654256444D+11  1.143732188889D+33
  2.482958219068D-08  4.503635694033D+04  3.721546932233D+11  1.143732204410D+33
  2.391726567662D-08  4.428502338394D+04  3.728337326402D+11  1.143732219192D+33
  2.304916768053D-08  4.353541241916D+04  3.735025282153D+11  1.143732233270D+33
  2.222185023913D-08  4.278798327984D+04  3.741609846595D+11  1.143732246678D+33
  2.143080653268D-08  4.204303735968D+04  3.748090667263D+11  1.143732259448D+33
  2.067244120576D-08  4.130159078973D+04  3.754468091260D+11  1.143732271609D+33
  1.994242910433D-08  4.056474662925D+04  3.760743220292D+11  1.143732283191D+33
  1.922960296494D-08  3.983320292647D+04  3.766919192450D+11  1.143732294222D+33
  1.853866286126D-08  3.911209853538D+04  3.772999874953D+11  1.143732304727D+33
  1.786558781292D-08  3.840690212478D+04  3.778988808606D+11  1.143732314732D+33
  1.720981695387D-08  3.771787709268D+04  3.784890059234D+11  1.143732324261D+33
  1.657058396136D-08  3.704525819401D+04  3.790707728620D+11  1.143732333336D+33
  1.594763202133D-08  3.638929374281D+04  3.796445920228D+11  1.143732341979D+33
  1.533562957915D-08  3.574938137874D+04  3.802109594982D+11  1.143732350210D+33
  1.473983165724D-08  3.512500426790D+04  3.807703617529D+11  1.143732358049D+33
  1.416178769012D-08  3.451555379526D+04  3.813231484709D+11  1.143732365515D+33
  1.360142252129D-08  3.392015352374D+04  3.818696229926D+11  1.143732372625D+33
  1.305837887784D-08  3.333831077107D+04  3.824100765522D+11  1.143732379397D+33
  1.253153069619D-08  3.276931125079D+04  3.829448102688D+11  1.143732385847D+33
  1.201650686356D-08  3.221259685124D+04  3.834742250317D+11  1.143732391989D+33
  1.151887445187D-08  3.166694767392D+04  3.839986820219D+11  1.143732397839D+33
  1.103877945234D-08  3.113034822490D+04  3.845184002168D+11  1.143732403410D+33
  1.057573700335D-08  3.060136464711D+04  3.850335804113D+11  1.143732408716D+33
  1.012936290474D-08  3.007925521239D+04  3.855444167203D+11  1.143732413769D+33
  9.696065218767D-09  2.956327350724D+04  3.860511777447D+11  1.143732418582D+33
  9.277715872697D-09  2.905244801206D+04  3.865541548050D+11  1.143732423165D+33
  8.875116081509D-09  2.854619621996D+04  3.870535487048D+11  1.143732427530D+33
  8.487535717286D-09  2.804426931476D+04  3.875495314416D+11  1.143732431688D+33
  8.114196482332D-09  2.754637031482D+04  3.880422889733D+11  1.143732435647D+33
  7.752767937787D-09  2.705172344544D+04  3.885320749345D+11  1.143732439418D+33
  7.403365674446D-09  2.655972957654D+04  3.890191914880D+11  1.143732443009D+33
  7.067376571627D-09  2.606933985706D+04  3.895038744724D+11  1.143732446429D+33
  6.744453185762D-09  2.557897585690D+04  3.899863010290D+11  1.143732449687D+33
  6.434349075701D-09  2.508676860352D+04  3.904666384429D+11  1.143732452789D+33
  6.135644891305D-09  2.458962330476D+04  3.909450853709D+11  1.143732455744D+33
  5.849265659346D-09  2.408423595211D+04  3.914218289942D+11  1.143732458558D+33
  5.576596474694D-09  2.356737807241D+04  3.918969289709D+11  1.143732461237D+33
  5.317737574725D-09  2.303463174436D+04  3.923703329323D+11  1.143732463790D+33
  5.073413277330D-09  2.248023846561D+04  3.928418868489D+11  1.143732466220D+33
  4.842945762828D-09  2.189729589960D+04  3.933113598628D+11  1.143732468535D+33
  4.629393342227D-09  2.127597678590D+04  3.937783161306D+11  1.143732470740D+33
  4.436849975841D-09  2.059923099606D+04  3.942418486255D+11  1.143732472840D+33
  4.273251906667D-09  1.983659409698D+04  3.947002690324D+11  1.143732474839D+33
  4.157310695645D-09  1.892558304082D+04  3.951502834002D+11  1.143732476744D+33
  4.142656271078D-09  1.771215237266D+04  3.955846905236D+11  1.143732478558D+33
  4.439901933590D-09  1.559931821625D+04  3.959847931429D+11  1.143732480285D+33
  1.234116951331D-08  9.120988668288D+03  3.962387646232D+11  1.143732481930D+33
  1.575419337806D-08  7.056060551406D+03  3.963550337096D+11  1.143732483536D+33
  1.552520735495D-08  6.465802010753D+03  3.964552040943D+11  1.143732485101D+33
  1.456242446081D-08  6.148189211255D+03  3.965568175946D+11  1.143732486629D+33
  1.327928154102D-08  5.940891991627D+03  3.966639922796D+11  1.143732488120D+33
  1.182542568027D-08  5.792466946343D+03  3.967800128342D+11  1.143732489574D+33
  1.027407588633D-08  5.680549207457D+03  3.969086996546D+11  1.143732490992D+33
  8.667255835591D-09  5.593740712206D+03  3.970553861330D+11  1.143732492376D+33
  7.032098225370D-09  5.525512226204D+03  3.972285016806D+11  1.143732493727D+33
  5.387830328411D-09  5.471796269051D+03  3.974431516857D+11  1.143732495044D+33
  3.748686207563D-09  5.430146201698D+03  3.977315864944D+11  1.143732496329D+33
  2.126653793236D-09  5.399572527970D+03  3.981885491053D+11  1.143732497583D+33
  5.345257636330D-10  5.381737057624D+03  3.995900031611D+11  1.143732498807D+33
