     0.00000000E+00    3.93038120E-05    6.46997851E-05    2.57890112E-05
    -1.73021014E-06    4.79806840E-05    7.89232558E-05    3.11627174E-05
    -3.55885214E-06    5.99657115E-05    9.44473386E-05    3.49624506E-05
    -5.63601221E-06    6.78892853E-05    1.11701494E-04    4.44427846E-05
    -7.75469046E-06    6.88187181E-05    1.30697613E-04    5.29165471E-05
    -9.62146433E-06    9.92392777E-05    1.51942177E-04    5.35203501E-05
    -1.24656201E-05    1.10889441E-04    1.75408096E-04    6.56275498E-05
    -1.53941185E-05    1.17071337E-04    2.00840431E-04    7.85473735E-05
    -1.81787295E-05    1.40333830E-04    2.29286930E-04    9.03564384E-05
    -2.15007469E-05    1.56047076E-04    2.60786440E-04    1.01538068E-04
    -2.49934383E-05    1.69882219E-04    2.94979976E-04    1.17794822E-04
    -2.85600080E-05    2.10395261E-04    3.33366919E-04    1.25075610E-04
    -3.31757074E-05    2.21106508E-04    3.75089734E-04    1.48754038E-04
    -3.76047228E-05    2.56875774E-04    4.20836145E-04    1.66529128E-04
    -4.27686801E-05    2.98968836E-04    4.71336972E-04    1.71541132E-04
    -4.87852187E-05    3.21052244E-04    5.25382268E-04    2.07540547E-04
    -5.48387592E-05    3.56804079E-04    5.85375223E-04    2.30332023E-04
    -6.13845681E-05    3.97242674E-04    6.49357940E-04    2.56087693E-04
    -6.85070699E-05    4.40790262E-04    7.20476143E-04    2.83781670E-04
    -7.62247596E-05    5.01862582E-04    7.95963138E-04    2.99119182E-04
    -8.50160862E-05    5.20358303E-04    8.79446780E-04    3.48889570E-04
    -9.33881722E-05    5.93468713E-04    9.68137769E-04    3.80603744E-04
    -1.03080547E-04    6.38662654E-04    1.06652992E-03    4.21478734E-04
    -1.13068742E-04    7.18243012E-04    1.17055303E-03    4.59492453E-04
    -1.24330888E-04    7.22245287E-04    1.28484608E-03    5.09727076E-04
    -1.34498447E-04    8.64983610E-04    1.40838924E-03    5.52055462E-04
    -1.47662675E-04    8.59567399E-04    1.54269265E-03    6.17885778E-04
    -1.59306328E-04    1.03947145E-03    1.68797656E-03    6.58899823E-04
    -1.74689878E-04    1.02004466E-03    1.84303097E-03    7.35203176E-04
    -1.88009380E-04    1.24136716E-03    2.01581680E-03    7.86863312E-04
    -2.05848173E-04    1.34793413E-03    2.19714928E-03    8.59058666E-04
    -2.24718017E-04    1.48080967E-03    2.39716949E-03    9.36582490E-04
    -2.45168062E-04    1.60714612E-03    2.60646668E-03    1.01539203E-03
    -2.66858847E-04    1.70094901E-03    2.83720221E-03    1.11454197E-03
    -2.88859251E-04    1.97783440E-03    3.07896055E-03    1.12090450E-03
    -3.15530757E-04    2.00230217E-03    3.33703410E-03    1.30867658E-03
    -3.40426731E-04    2.28468296E-03    3.62181366E-03    1.35997753E-03
    -3.69709847E-04    2.42293027E-03    3.91801635E-03    1.51931538E-03
    -3.99646626E-04    2.52631062E-03    4.24309840E-03    1.65863980E-03
    -4.29389282E-04    2.84091874E-03    4.58511725E-03    1.77372861E-03
    -4.63612594E-04    2.99066308E-03    4.94866256E-03    1.92565828E-03
    -4.98304760E-04    3.12279854E-03    5.34936873E-03    2.09704102E-03
    -5.33044538E-04    3.58199055E-03    5.76900869E-03    2.22466052E-03
    -5.74696604E-04    3.64814243E-03    6.21561201E-03    2.43115134E-03
    -6.14487335E-04    3.86539363E-03    6.70852786E-03    2.62909335E-03
    -6.55662154E-04    4.51348164E-03    7.22287786E-03    2.75453103E-03
    -7.06734812E-04    4.58952081E-03    7.77724487E-03    3.04314950E-03
    -7.55518357E-04    5.23031658E-03    8.37317901E-03    3.21803557E-03
    -8.13204373E-04    5.60793751E-03    8.99629118E-03    3.44443305E-03
    -8.73971222E-04    5.75181882E-03    9.66084706E-03    3.74957741E-03
    -9.33136029E-04    6.51245085E-03    1.03840681E-02    3.97873107E-03
    -1.00232884E-03    6.96269167E-03    1.11386310E-02    4.24849601E-03
    -1.07501553E-03    7.41851402E-03    1.19360133E-02    4.57303526E-03
    -1.15101332E-03    8.02909795E-03    1.28004765E-02    4.89861715E-03
    -1.23282539E-03    8.60013023E-03    1.37080621E-02    5.21275628E-03
    -1.31929231E-03    9.20697817E-03    1.46586108E-02    5.57063620E-03
    -1.41067283E-03    9.81555204E-03    1.56845470E-02    5.93233078E-03
    -1.50661797E-03    9.13853149E-03    1.67651275E-02    6.82092080E-03
    -1.58496835E-03    1.08074036E-02    1.79047523E-02    6.86488732E-03
    -1.68634794E-03    1.15900163E-02    1.91353865E-02    7.34745019E-03
    -1.79437573E-03    1.09775562E-02    2.04166456E-02    7.94705784E-03
    -1.88576548E-03    1.29043564E-02    2.18010440E-02    8.90523664E-03
    -2.00270354E-03    1.46971272E-02    2.32721410E-02    8.75946504E-03
    -2.14120417E-03    1.51008627E-02    2.47991243E-02    9.52746382E-03
    -2.27784636E-03    1.68224924E-02    2.64506543E-02    9.96320067E-03
    -2.43326044E-03    1.57643009E-02    2.81423565E-02    1.08496320E-02
    -2.56338689E-03    1.90195684E-02    2.99766835E-02    1.12672208E-02
    -2.73549860E-03    1.96376829E-02    3.18922271E-02    1.20053883E-02
    -2.90711316E-03    2.16212541E-02    3.38928990E-02    1.27040700E-02
    -3.09850570E-03    2.25168768E-02    3.60457695E-02    1.35559339E-02
    -3.29238136E-03    2.40632737E-02    3.82194943E-02    1.43577432E-02
    -3.49798444E-03    2.41658639E-02    4.05850777E-02    1.68824767E-02
    -3.69383058E-03    2.49091669E-02    4.29898781E-02    1.64053871E-02
    -3.88961901E-03    2.92431182E-02    4.56143317E-02    1.69560758E-02
    -4.13558430E-03    2.64848181E-02    4.82890885E-02    1.85073867E-02
    -4.33034308E-03    3.28350192E-02    5.11554264E-02    1.89771076E-02
    -4.60171847E-03    3.06410980E-02    5.41183637E-02    2.05598063E-02
    -4.82930842E-03    3.65201132E-02    5.72398727E-02    2.12299171E-02
    -5.12371650E-03    3.54452959E-02    6.05026998E-02    2.29715242E-02
    -5.38888489E-03    4.07048840E-02    6.39116057E-02    2.41190241E-02
    -5.70929825E-03    4.00310451E-02    6.73784253E-02    2.54184901E-02
    -6.00491607E-03    4.44592431E-02    7.11714593E-02    2.63971724E-02
    -6.34228130E-03    4.21505543E-02    7.49737354E-02    2.99011161E-02
    -6.63314481E-03    4.77431352E-02    7.90773341E-02    3.99060923E-02
    -6.97841241E-03    4.76932127E-02    8.32265792E-02    3.46097291E-02
    -7.30700331E-03    5.14831056E-02    8.76305296E-02    3.28608185E-02
    -7.66650677E-03    6.01150289E-02    9.22029290E-02    3.35561021E-02
    -8.11248903E-03    5.68978171E-02    9.68661703E-02    3.61026758E-02
    -8.49912247E-03    6.10495474E-02    1.01737888E-01    3.78541359E-02
    -8.91626237E-03    6.44861521E-02    1.06815991E-01    4.36610143E-02
    -9.35372787E-03    7.11721286E-02    1.12151562E-01    4.09761298E-02
    -9.84748197E-03    7.09041342E-02    1.17554284E-01    4.33290037E-02
    -1.03154711E-02    7.21721923E-02    1.23071411E-01    4.57267925E-02
    -1.07762358E-02    8.08260516E-02    1.28897540E-01    4.85410290E-02
    -1.13116763E-02    8.64503014E-02    1.34928570E-01    4.89473098E-02
    -1.18844223E-02    8.14847594E-02    1.41056270E-01    5.56722628E-02
    -1.23781590E-02    8.81927897E-02    1.47188224E-01    5.41324030E-02
    -1.29214800E-02    1.01945362E-01    1.53761867E-01    5.47730993E-02
    -1.35856045E-02    9.60291659E-02    1.60437626E-01    5.88947399E-02
    -1.41594798E-02    9.86825849E-02    1.67271474E-01    6.14248880E-02
    -1.47358685E-02    1.12246541E-01    1.74042888E-01    6.23874871E-02
    -1.54251169E-02    1.06370745E-01    1.81160223E-01    6.97893988E-02
    -1.60264559E-02    9.41875413E-02    1.88404937E-01    7.82384578E-02
    -1.64821647E-02    1.30492027E-01    1.95803776E-01    6.89888264E-02
    -1.72733676E-02    1.30843439E-01    2.03547139E-01    7.25211556E-02
    -1.80354094E-02    1.23590979E-01    2.10950251E-01    7.85894948E-02
    -1.86972302E-02    1.27054403E-01    2.18820329E-01    8.51834317E-02
    -1.93648031E-02    1.47488335E-01    2.26961413E-01    8.02342663E-02
    -2.01954851E-02    1.43651950E-01    2.34809272E-01    8.65493084E-02
    -2.09579061E-02    1.63555490E-01    2.42908877E-01    8.46643708E-02
    -2.18706101E-02    1.64391366E-01    2.51122843E-01    8.84727045E-02
    -2.27550336E-02    1.59348546E-01    2.58969250E-01    9.24184601E-02
    -2.35605327E-02    1.61574317E-01    2.67219008E-01    9.79921670E-02
    -2.43544083E-02    1.64127652E-01    2.75412288E-01    9.90786559E-02
    -2.51399060E-02    1.45787371E-01    2.83558405E-01    1.14728514E-01
    -2.57393837E-02    1.78937305E-01    2.91676273E-01    1.09096374E-01
    -2.65952408E-02    1.83996353E-01    2.99906547E-01    1.08761392E-01
    -2.74611109E-02    1.98280715E-01    3.08081528E-01    1.07791486E-01
    -2.84120301E-02    2.01211257E-01    3.16286219E-01    1.21866555E-01
    -2.93517620E-02    2.02539178E-01    3.24095334E-01    1.14836999E-01
    -3.02678303E-02    2.08591940E-01    3.32027360E-01    1.18150634E-01
    -3.11984123E-02    2.09988060E-01    3.39688585E-01    1.19679144E-01
    -3.21062888E-02    2.20195375E-01    3.46606271E-01    1.31301121E-01
    -3.30602896E-02    2.38689463E-01    3.53869884E-01    1.20784965E-01
    -3.41209340E-02    2.19821494E-01    3.60749729E-01    1.37203053E-01
    -3.50023678E-02    2.27963576E-01    3.67258770E-01    1.28132761E-01
    -3.59130618E-02    2.19156877E-01    3.73417608E-01    1.33351518E-01
    -3.67275683E-02    2.23550165E-01    3.79234028E-01    1.35436304E-01
    -3.75454544E-02    2.38275411E-01    3.84654481E-01    1.35711280E-01
    -3.84398197E-02    2.38765001E-01    3.89773611E-01    1.46544347E-01
    -3.93068502E-02    2.56113479E-01    3.94554625E-01    1.36966260E-01
    -4.02645270E-02    2.51579112E-01    3.98637489E-01    1.39747703E-01
    -4.11586871E-02    2.61654796E-01    4.02648380E-01    1.39228658E-01
    -4.20905114E-02    2.38426111E-01    4.05553731E-01    1.52793127E-01
    -4.28364799E-02    2.53727692E-01    4.07799970E-01    1.41742778E-01
    -4.36579339E-02    2.64369423E-01    4.09440656E-01    1.39701422E-01
    -4.45209390E-02    2.61226737E-01    4.10395894E-01    1.45487840E-01
    -4.53352549E-02    2.33312768E-01    4.10582048E-01    1.50809469E-01
    -4.59471492E-02    2.75984380E-01    4.10159583E-01    1.39344222E-01
    -4.68035425E-02    2.53963645E-01    4.08928506E-01    1.49664074E-01
    -4.74974825E-02    2.29740149E-01    4.06309600E-01    1.55677527E-01
    -4.80229679E-02    2.44990794E-01    4.03087220E-01    1.47606551E-01
    -4.86219401E-02    2.63355596E-01    3.99099921E-01    1.33108137E-01
    -4.93090598E-02    2.47032190E-01    3.94090837E-01    1.43356688E-01
    -4.98801872E-02    2.41500145E-01    3.87894445E-01    1.37947968E-01
    -5.04017403E-02    2.46465395E-01    3.80977893E-01    1.38133575E-01
    -5.09345041E-02    2.35345003E-01    3.72570873E-01    1.34307106E-01
    -5.13892045E-02    2.22528670E-01    3.62832507E-01    1.28895339E-01
    -5.17601697E-02    2.19795635E-01    3.51853421E-01    1.25527988E-01
    -5.21050372E-02    2.23574163E-01    3.39597776E-01    1.16167825E-01
    -5.24591644E-02    1.95388816E-01    3.26220234E-01    1.12162777E-01
    -5.26562907E-02    1.80056309E-01    3.11180332E-01    1.19336898E-01
    -5.27691283E-02    1.91209250E-01    2.94778753E-01    1.01723277E-01
    -5.29347081E-02    1.76234415E-01    2.77175867E-01    9.63577713E-02
    -5.30211336E-02    1.48291454E-01    2.57761549E-01    9.86155833E-02
    -5.29685470E-02    1.38856632E-01    2.36712280E-01    8.70986747E-02
    -5.28721105E-02    1.36782982E-01    2.14202195E-01    7.32029065E-02
    -5.27686324E-02    1.17391175E-01    1.90087045E-01    6.99029845E-02
    -5.25775294E-02    1.03233952E-01    1.64191429E-01    5.72789261E-02
    -5.23266805E-02    9.36020383E-02    1.36641482E-01    4.49028660E-02
    -5.20392143E-02    6.54181932E-02    1.07113574E-01    3.99102395E-02
    -5.16337808E-02    4.57700539E-02    7.56452465E-02    2.67197184E-02
    -5.11529189E-02    2.53578786E-02    4.22929139E-02    1.56636002E-02
    -5.05964602E-02    4.09401010E-03    6.97519653E-03    2.50991472E-03
    -4.99639532E-02   -1.91006591E-02   -3.03786003E-02   -1.11090794E-02
    -4.92504538E-02   -4.69168114E-02   -6.98358291E-02   -2.47949913E-02
    -4.84400269E-02   -7.20384439E-02   -1.11440254E-01   -3.84395904E-02
    -4.75475398E-02   -9.74527695E-02   -1.55169138E-01   -5.50865999E-02
    -4.65750774E-02   -1.27271254E-01   -2.01105959E-01   -7.27693983E-02
    -4.55083254E-02   -1.42872089E-01   -2.49424995E-01   -9.14187394E-02
    -4.44071278E-02   -1.94647689E-01   -3.00071860E-01   -1.07174312E-01
    -4.31321520E-02   -2.40479766E-01   -3.53174710E-01   -1.19498348E-01
    -4.17126999E-02   -2.45088535E-01   -4.08593505E-01   -1.47998795E-01
    -4.03103998E-02   -2.99330522E-01   -4.66411248E-01   -1.65681798E-01
    -3.87392889E-02   -3.35607505E-01   -5.26854938E-01   -1.86604927E-01
    -3.70720788E-02   -3.51151758E-01   -5.89610892E-01   -2.11387519E-01
    -3.53878206E-02   -4.07361128E-01   -6.55055726E-01   -2.29256006E-01
    -3.35407751E-02   -4.41876202E-01   -7.24084297E-01   -2.57774924E-01
    -3.16138939E-02   -5.00743788E-01   -7.94250105E-01   -2.79704044E-01
    -2.95248247E-02   -5.36607500E-01   -8.69065131E-01   -3.06310761E-01
    -2.73591019E-02   -5.66269745E-01   -9.45147968E-01   -3.33960369E-01
    -2.51405004E-02   -6.74217438E-01   -1.02432820E+00   -3.53187099E-01
    -2.26059584E-02   -6.56897929E-01   -1.10740161E+00   -4.20849950E-01
    -2.01847432E-02   -7.76726708E-01   -1.19251526E+00   -4.10248218E-01
    -1.74205884E-02   -7.60558703E-01   -1.28159004E+00   -4.48618668E-01
    -1.47687728E-02   -9.24054098E-01   -1.37303544E+00   -4.63862803E-01
    -1.16460624E-02   -9.68955378E-01   -1.46824378E+00   -4.98181183E-01
    -8.44554083E-03   -9.31997529E-01   -1.56460704E+00   -5.45733706E-01
    -5.42792507E-03   -1.05371728E+00   -1.66617565E+00   -5.83789864E-01
    -2.09327846E-03   -1.09847428E+00   -1.76899291E+00   -6.07298548E-01
     1.31102425E-03   -1.25900914E+00   -1.87517324E+00   -6.26946546E-01
     5.13588154E-03   -1.15209881E+00   -1.98676615E+00   -7.42598674E-01
     8.56237685E-03   -1.37666689E+00   -2.09956186E+00   -7.06035109E-01
     1.25908429E-02   -1.43515259E+00   -2.21765244E+00   -7.44888746E-01
     1.67125934E-02   -1.46094805E+00   -2.33471451E+00   -7.97422015E-01
     2.08292085E-02   -1.32846197E+00   -2.46032395E+00   -9.82007286E-01
     2.44841667E-02   -1.64057369E+00   -2.58593613E+00   -8.87123257E-01
     2.89613760E-02   -1.76049698E+00   -2.71860635E+00   -9.19381315E-01
     3.36929752E-02   -1.76010529E+00   -2.85080531E+00   -9.96536316E-01
     3.83342123E-02   -1.98029967E+00   -2.99045908E+00   -9.87137010E-01
     4.34980746E-02   -1.78282498E+00   -3.12681125E+00   -1.20427813E+00
     4.80254517E-02   -1.96575567E+00   -3.27390977E+00   -1.15514318E+00
     5.29662560E-02   -2.23511525E+00   -3.42112391E+00   -1.15507272E+00
     5.85402149E-02   -2.34375359E+00   -3.56947464E+00   -1.17840986E+00
     6.43014116E-02   -2.29793777E+00   -3.72588637E+00   -1.24243990E+00
     6.98379808E-02   -2.40967045E+00   -3.88649534E+00   -1.41662846E+00
     7.55668869E-02   -2.62442467E+00   -4.04347730E+00   -1.31406936E+00
     8.17484670E-02   -2.47782201E+00   -4.21126305E+00   -1.50670337E+00
     8.74470863E-02   -2.85629916E+00   -4.38071901E+00   -1.46127439E+00
     9.40018279E-02   -2.90342123E+00   -4.54637871E+00   -1.59488410E+00
     1.00559863E-01   -3.00917941E+00   -4.72361016E+00   -1.53032788E+00
     1.07266922E-01   -2.88869611E+00   -4.90376703E+00   -1.80048642E+00
     1.13564020E-01   -3.22688908E+00   -5.08240654E+00   -1.72954218E+00
     1.20575240E-01   -3.28754809E+00   -5.27050295E+00   -1.75094895E+00
     1.27612171E-01   -3.52331237E+00   -5.46170374E+00   -1.74682283E+00
     1.35089738E-01   -3.74634761E+00   -5.64576901E+00   -1.98102683E+00
     1.42965523E-01   -3.77279330E+00   -5.84023102E+00   -1.86014806E+00
     1.50768650E-01   -3.66146487E+00   -6.03922668E+00   -2.10877516E+00
     1.58180155E-01   -3.86876952E+00   -6.23780407E+00   -2.17039661E+00
     1.65936009E-01   -4.19679744E+00   -6.44438792E+00   -2.02916088E+00
     1.74297174E-01   -4.27610544E+00   -6.65344242E+00   -2.12695640E+00
     1.82689097E-01   -4.63312398E+00   -6.85065561E+00   -2.24124060E+00
     1.91722883E-01   -4.63738534E+00   -7.06384529E+00   -2.20160448E+00
     2.00604922E-01   -4.79584054E+00   -7.27842304E+00   -2.26266358E+00
     2.09668490E-01   -4.94357022E+00   -7.49451427E+00   -2.31759517E+00
     2.18881349E-01   -5.08905550E+00   -7.71376411E+00   -2.36997418E+00
     2.28231492E-01   -5.25471616E+00   -7.93654848E+00   -2.43003462E+00
     2.37753794E-01   -5.42401847E+00   -8.16001196E+00   -2.49050125E+00
     2.47445569E-01   -5.59513232E+00   -8.38404639E+00   -2.55047149E+00
     2.57299108E-01   -6.10342018E+00   -8.60830040E+00   -2.36098930E+00
     2.67978277E-01   -6.12764234E+00   -8.83201691E+00   -2.53065778E+00
     2.78494120E-01   -6.12395594E+00   -9.05936831E+00   -2.68510048E+00
     2.88793697E-01   -6.65530124E+00   -9.28610428E+00   -2.47627377E+00
     2.99905887E-01   -6.48761866E+00   -9.52011640E+00   -2.57756972E+00
     3.10473048E-01   -7.28614535E+00   -9.75703494E+00   -2.39953592E+00
     3.22306524E-01   -7.46687796E+00   -9.97826910E+00   -2.44805839E+00
     3.34220045E-01   -7.52996295E+00   -1.02200760E+01   -2.42431599E+00
     3.45991997E-01   -8.00091992E+00   -1.04411455E+01   -2.34071573E+00
     3.58346442E-01   -7.64980753E+00   -1.06729384E+01   -2.60557231E+00
     3.69820523E-01   -8.56792625E+00   -1.08987382E+01   -2.34456282E+00
     3.82619067E-01   -8.17573041E+00   -1.11235491E+01   -2.52419810E+00
     3.94474449E-01   -8.32598045E+00   -1.13474919E+01   -2.72130273E+00
     4.06317869E-01   -8.72400385E+00   -1.15864939E+01   -2.77546966E+00
     4.18551296E-01   -8.94218655E+00   -1.18031143E+01   -2.74717483E+00
     4.30872136E-01   -8.25651525E+00   -1.20252568E+01   -3.25063104E+00
     4.41853557E-01   -8.74639283E+00   -1.22511580E+01   -3.22102079E+00
     4.53370998E-01   -9.37690849E+00   -1.24681722E+01   -3.08432135E+00
     4.65623793E-01   -8.82552926E+00   -1.26933628E+01   -3.56958582E+00
     4.76811072E-01   -7.83912247E+00   -1.28941658E+01   -4.42708331E+00
     4.86327077E-01   -8.14223284E+00   -1.31265571E+01   -4.40400234E+00
     4.96119297E-01   -8.39448499E+00   -1.33405162E+01   -4.30220951E+00
     5.06110851E-01   -9.51929479E+00   -1.35591460E+01   -4.06440625E+00
     5.17547010E-01   -8.20970350E+00   -1.37916235E+01   -4.80522352E+00
     5.26952426E-01   -8.63013821E+00   -1.40020920E+01   -4.82988830E+00
     5.36802239E-01   -9.70847984E+00   -1.42381871E+01   -4.69008414E+00
     5.48000146E-01   -9.72444861E+00   -1.44588123E+01   -4.78565640E+00
     5.59065649E-01   -8.88852961E+00   -1.46792802E+01   -4.98218718E+00
     5.68850933E-01   -9.33544799E+00   -1.48957505E+01   -5.40250545E+00
     5.79112860E-01   -9.69845004E+00   -1.51389254E+01   -5.16184122E+00
     5.89733098E-01   -9.94923679E+00   -1.53604429E+01   -5.04709396E+00
     6.00561012E-01   -8.52453539E+00   -1.55822540E+01   -6.23052366E+00
     6.09397112E-01   -1.02954356E+01   -1.58101775E+01   -5.10991468E+00
     6.20453247E-01   -9.33820441E+00   -1.60402925E+01   -6.83029953E+00
     6.30156646E-01   -1.00201345E+01   -1.62857330E+01   -5.76093027E+00
     6.40648066E-01   -1.07778276E+01   -1.65168953E+01   -5.23308582E+00
     6.52019994E-01   -9.08194557E+00   -1.67495017E+01   -6.78006492E+00
     6.61132197E-01   -1.03931120E+01   -1.69873803E+01   -6.28268128E+00
     6.71848434E-01   -1.14985472E+01   -1.72477003E+01   -5.55177623E+00
     6.83896823E-01   -1.15917162E+01   -1.74862878E+01   -5.92529040E+00
     6.95989407E-01   -1.27887209E+01   -1.77240467E+01   -5.27714699E+00
     7.09531109E-01   -1.16215212E+01   -1.79628464E+01   -6.10372934E+00
     7.21532327E-01   -1.12236790E+01   -1.82099420E+01   -6.38344053E+00
     7.32978227E-01   -1.20759866E+01   -1.84679372E+01   -5.77294973E+00
     7.45452541E-01   -1.22229898E+01   -1.87286945E+01   -5.63108261E+00
     7.58061305E-01   -1.21376399E+01   -1.89798728E+01   -6.84818044E+00
     7.70508929E-01   -1.17729338E+01   -1.92352903E+01   -6.41722497E+00
     7.82433661E-01   -1.36268207E+01   -1.95008430E+01   -5.69350930E+00
     7.96601310E-01   -1.36146053E+01   -1.97622150E+01   -5.47185260E+00
     8.10587161E-01   -1.56787360E+01   -2.00323316E+01   -4.93926360E+00
     8.26782794E-01   -1.55621318E+01   -2.03290899E+01   -4.25906155E+00
     8.42010619E-01   -1.47013355E+01   -2.07144749E+01   -5.15789411E+00
     8.53219572E-01   -1.79510605E+01   -2.07611107E+01   -1.95166944E+00
     8.61326362E-01   -1.55044630E+01   -2.05428997E+01   -4.94731557E+00
     8.65372880E-01   -1.38722334E+01   -2.07426143E+01   -6.87266915E+00
     8.68732054E-01   -1.47104417E+01   -2.10403950E+01   -6.32995330E+00
     8.72566474E-01   -1.44657620E+01   -2.14388841E+01   -6.97312208E+00
     8.76722918E-01   -1.28750644E+01   -2.19614444E+01   -9.10453100E+00
     8.80854675E-01   -1.34847310E+01   -2.26721997E+01   -9.18746863E+00
     8.86118869E-01   -1.59725280E+01   -2.36817662E+01   -7.70923822E+00
     8.94460170E-01   -1.57169966E+01   -2.51212491E+01   -9.40425250E+00
     9.06501399E-01   -1.51115429E+01   -2.43106037E+01   -9.31359337E+00
     9.34826928E-01   -2.17800821E+01   -2.96438984E+01   -7.91145066E+00
     1.00000000E+00
