 293  -1
  0.601018253484D+00  5.620620637734D+06  1.969962476732D+10  1.115549114027D+33
  0.505961959500D+00  5.359762333577D+06  2.062970703092D+10  1.116891180807D+33
  0.426759386958D+00  5.115222162977D+06  2.158891315843D+10  1.118169339646D+33
  0.360675837324D+00  4.885635075839D+06  2.257755554848D+10  1.119386633778D+33
  0.305436768335D+00  4.670098227197D+06  2.359585568632D+10  1.120545961523D+33
  0.259173624456D+00  4.467487129155D+06  2.464398652768D+10  1.121650083185D+33
  0.220366187734D+00  4.276778183856D+06  2.572204986067D+10  1.122701627624D+33
  0.187758961243D+00  4.097116920681D+06  2.683004834035D+10  1.123703098519D+33
  0.160322200835D+00  3.927539723381D+06  2.796786221191D+10  1.124656880324D+33
  0.137189746058D+00  3.767117412318D+06  2.913527189483D+10  1.125565243948D+33
  0.117667171259D+00  3.615144537606D+06  3.033190727975D+10  1.126430352161D+33
  0.101157977993D+00  3.471071951679D+06  3.155723604848D+10  1.127254264745D+33
  8.716166526424D-02  3.334341699962D+06  3.281070026817D+10  1.128038943396D+33
  7.528368364089D-02  3.204408983719D+06  3.409162257999D+10  1.128786256397D+33
  6.518710221678D-02  3.080613495725D+06  3.539911072098D+10  1.129497983065D+33
  5.658731082097D-02  2.962324420483D+06  3.673214127348D+10  1.130175817986D+33
  4.925440120357D-02  2.849155079698D+06  3.808950223816D+10  1.130821375055D+33
  4.298084046756D-02  2.740793880520D+06  3.946991153134D+10  1.131436191310D+33
  3.760350159440D-02  2.637076145715D+06  4.087209569708D+10  1.132021730601D+33
  3.298175563388D-02  2.537804384353D+06  4.229473921708D+10  1.132579387069D+33
  2.899819506786D-02  2.442739492377D+06  4.373658135980D+10  1.133110488466D+33
  2.555733445004D-02  2.351812953247D+06  4.519637198844D+10  1.133616299321D+33
  2.257365621959D-02  2.264880155456D+06  4.667298162923D+10  1.134098023945D+33
  1.998433692364D-02  2.181691444117D+06  4.816529194947D+10  1.134556809301D+33
  1.772676026875D-02  2.102168311910D+06  4.967227522321D+10  1.134993747735D+33
  1.575706129247D-02  2.026169028744D+06  5.119300018883D+10  1.135409879577D+33
  1.403032253492D-02  1.953651789928D+06  5.272665299519D+10  1.135806195617D+33
  1.251401545870D-02  1.884689000617D+06  5.427264598519D+10  1.136183639465D+33
  1.117712497595D-02  1.819145727191D+06  5.583056979308D+10  1.136543109796D+33
  9.997595930401D-03  1.756896040037D+06  5.740012483940D+10  1.136885462493D+33
  8.953364207508D-03  1.697734366406D+06  5.898107996887D+10  1.137211512680D+33
  8.029154976004D-03  1.641445803382D+06  6.057320157872D+10  1.137522036667D+33
  7.208235413644D-03  1.587895553004D+06  6.217627904669D+10  1.137817773798D+33
  6.479128489818D-03  1.536914938317D+06  6.379015253458D+10  1.138099428209D+33
  5.829572861893D-03  1.488374562840D+06  6.541467853456D+10  1.138367670505D+33
  5.250804506858D-03  1.442124487582D+06  6.704976173544D+10  1.138623139358D+33
  4.734111347867D-03  1.397999365936D+06  6.869526527544D+10  1.138866443027D+33
  4.272593763292D-03  1.355837768875D+06  7.035105024524D+10  1.139098160808D+33
  3.859853944859D-03  1.315551916794D+06  7.201692097569D+10  1.139318844409D+33
  3.489999096768D-03  1.277025951079D+06  7.369275711924D+10  1.139529019266D+33
  3.158620162630D-03  1.240167024965D+06  7.537840596912D+10  1.139729185797D+33
  2.860857945292D-03  1.204868666687D+06  7.707376298356D+10  1.139919820589D+33
  2.593700926346D-03  1.171019333292D+06  7.877866482680D+10  1.140101377533D+33
  2.353269550162D-03  1.138536526368D+06  8.049290580072D+10  1.140274288909D+33
  2.136994738008D-03  1.107317145029D+06  8.221632827010D+10  1.140438966409D+33
  1.942223569234D-03  1.077316417189D+06  8.394866729959D+10  1.140595802124D+33
  1.766444125702D-03  1.048466782113D+06  8.568977208654D+10  1.140745169472D+33
  1.607956231128D-03  1.020710480622D+06  8.743943708480D+10  1.140887424088D+33
  1.464613315681D-03  9.939873339252D+05  8.919748569238D+10  1.141022904675D+33
  1.335029075259D-03  9.682901322174D+05  9.096381777263D+10  1.141151933806D+33
  1.217655838425D-03  9.436134148102D+05  9.273831798992D+10  1.141274818692D+33
  1.111200089326D-03  9.199036403903D+05  9.452101158061D+10  1.141391851918D+33
  1.014718989798D-03  8.971099128647D+05  9.631185076293D+10  1.141503312132D+33
  9.270358716933D-04  8.751761855397D+05  9.811083326565D+10  1.141609464717D+33
  8.474478126813D-04  8.540665510387D+05  9.991796776724D+10  1.141710562417D+33
  7.751352322751D-04  8.337356671319D+05  1.017331304524D+11  1.141806845941D+33
  7.093058797420D-04  8.141439270359D+05  1.035563259816D+11  1.141898544535D+33
  6.494741673061D-04  7.952545170165D+05  1.053874820098D+11  1.141985876530D+33
  5.949490752995D-04  7.770268382886D+05  1.072265073211D+11  1.142069049858D+33
  5.452988899263D-04  7.594205748526D+05  1.090733614834D+11  1.142148262551D+33
  5.001022379325D-04  7.424027870975D+05  1.109278138958D+11  1.142223703212D+33
  4.588175677437D-04  7.259414135120D+05  1.127897848317D+11  1.142295551460D+33
  4.212097279282D-04  7.100061619637D+05  1.146591565424D+11  1.142363978363D+33
  3.868775629982D-04  6.945838098283D+05  1.165356658610D+11  1.142429146842D+33
  3.554993361911D-04  6.796506538506D+05  1.184192194982D+11  1.142491212060D+33
  3.268626893380D-04  6.651848232091D+05  1.203096097869D+11  1.142550321791D+33
  3.006567578731D-04  6.511649478689D+05  1.222066376031D+11  1.142606616773D+33
  2.766887891356D-04  6.375723007461D+05  1.241101878570D+11  1.142660231042D+33
  2.547910335089D-04  6.243792695637D+05  1.260199274399D+11  1.142711292251D+33
  2.347042633387D-04  6.115684559124D+05  1.279356656214D+11  1.142759921973D+33
  2.163216003905D-04  5.991280618980D+05  1.298572616641D+11  1.142806235994D+33
  1.995022733722D-04  5.870357945707D+05  1.317842872116D+11  1.142850344586D+33
  1.840431496205D-04  5.752826509275D+05  1.337165648230D+11  1.142892352769D+33
  1.698833671650D-04  5.638597850008D+05  1.356539237836D+11  1.142932360562D+33
  1.568971441006D-04  5.527546786164D+05  1.375959398694D+11  1.142970463221D+33
  1.449488880402D-04  5.419507370662D+05  1.395424545718D+11  1.143006751469D+33
  1.339923385064D-04  5.314357153532D+05  1.414932242685D+11  1.143041311705D+33
  1.239273607321D-04  5.211992344142D+05  1.434478028123D+11  1.143074226215D+33
  1.146554525957D-04  5.112320027285D+05  1.454060155995D+11  1.143105573368D+33
  1.061387494806D-04  5.015294432050D+05  1.473676097896D+11  1.143135427799D+33
  9.830699638154D-05  4.920726274669D+05  1.493321199133D+11  1.143163860590D+33
  9.108456361795D-05  4.828396148403D+05  1.512993031694D+11  1.143190939439D+33
  8.447939205099D-05  4.738280242080D+05  1.532684266269D+11  1.143216728819D+33
  7.912982267630D-05  4.649981556781D+05  1.552295408045D+11  1.143241290134D+33
  7.277209327176D-05  4.563492215050D+05  1.571916847567D+11  1.143264681862D+33
  6.760389807686D-05  4.479153709882D+05  1.591634340349D+11  1.143286959698D+33
  6.280977307904D-05  4.396678280177D+05  1.611352678696D+11  1.143308176684D+33
  5.837047230369D-05  4.315999717746D+05  1.631074181242D+11  1.143328383338D+33
  5.427994000468D-05  4.237026782998D+05  1.650795775425D+11  1.143347627771D+33
  5.050761823739D-05  4.159658038928D+05  1.670510715637D+11  1.143365955802D+33
  4.701126447775D-05  4.083861801935D+05  1.690215705625D+11  1.143383411069D+33
  4.378203957012D-05  4.009628778043D+05  1.709907897480D+11  1.143400035134D+33
  4.079998496560D-05  3.936970085313D+05  1.729581190380D+11  1.143415867576D+33
  3.803148783711D-05  3.865962602688D+05  1.749232405733D+11  1.143430946092D+33
  3.546578050744D-05  3.796602500660D+05  1.768860264113D+11  1.143445306584D+33
  3.309149899350D-05  3.728824224561D+05  1.788460681747D+11  1.143458983243D+33
  3.088797690369D-05  3.662571847303D+05  1.808029927791D+11  1.143472008632D+33
  2.883914666811D-05  3.597796832006D+05  1.827566934411D+11  1.143484413765D+33
  2.694072479496D-05  3.534495993674D+05  1.847069038099D+11  1.143496228177D+33
  2.517985634671D-05  3.472647772757D+05  1.866531370810D+11  1.143507479998D+33
  2.353667143409D-05  3.412165285784D+05  1.885953193792D+11  1.143518196018D+33
  2.201211136344D-05  3.353024449744D+05  1.905333512253D+11  1.143528401752D+33
  2.059658573964D-05  3.295205520367D+05  1.924667518991D+11  1.143538121498D+33
  1.927724452691D-05  3.238684160879D+05  1.943952815553D+11  1.143547378399D+33
  1.804743943197D-05  3.183412380210D+05  1.963189070748D+11  1.143556194495D+33
  1.690491658062D-05  3.129335541322D+05  1.982373443722D+11  1.143564590777D+33
  1.584249070302D-05  3.076425803330D+05  2.001501059704D+11  1.143572587236D+33
  1.484720296694D-05  3.024654704751D+05  2.020571773166D+11  1.143580202912D+33
  1.392142224437D-05  2.973987889970D+05  2.039585256867D+11  1.143587455936D+33
  1.305979314817D-05  2.924383691322D+05  2.058536705307D+11  1.143594363578D+33
  1.225510876108D-05  2.875811227281D+05  2.077423284194D+11  1.143600942285D+33
  1.150240978866D-05  2.828244415941D+05  2.096244792146D+11  1.143607207720D+33
  1.080113929715D-05  2.781677833763D+05  2.114999222318D+11  1.143613174801D+33
  1.014767823235D-05  2.736041269516D+05  2.133681858902D+11  1.143618857735D+33
  9.534518545962D-06  2.691331483316D+05  2.152291729446D+11  1.143624270053D+33
  8.961771611592D-06  2.647535690846D+05  2.170828951653D+11  1.143629424642D+33
  8.427620439842D-06  2.604605257853D+05  2.189289744285D+11  1.143634333775D+33
  7.928930753277D-06  2.562508960505D+05  2.207669611713D+11  1.143639009139D+33
  7.459557056378D-06  2.521245607311D+05  2.225968855738D+11  1.143643461866D+33
  7.021393819840D-06  2.480778139865D+05  2.244187440771D+11  1.143647702559D+33
  6.612477650616D-06  2.440992211098D+05  2.262320245496D+11  1.143651741315D+33
  6.229818639680D-06  2.401874193015D+05  2.280363087036D+11  1.143655587748D+33
  5.869857031271D-06  2.363425296352D+05  2.298315729183D+11  1.143659251018D+33
  5.533658668698D-06  2.325607023867D+05  2.316176622022D+11  1.143662739847D+33
  5.219385347767D-06  2.288406197485D+05  2.333940512725D+11  1.143666062541D+33
  4.924623151136D-06  2.251813897862D+05  2.351603985820D+11  1.143669227011D+33
  4.647291328414D-06  2.215810802282D+05  2.369166663820D+11  1.143672240793D+33
  4.387738888626D-06  2.180374774885D+05  2.386626793714D+11  1.143675111061D+33
  4.144888048258D-06  2.145494231439D+05  2.403979485408D+11  1.143677844649D+33
  3.916769958466D-06  2.111176321098D+05  2.421221343613D+11  1.143680448067D+33
  3.701692586105D-06  2.077396499645D+05  2.438352444878D+11  1.143682927512D+33
  3.500167027290D-06  2.044134525612D+05  2.455371411923D+11  1.143685288889D+33
  3.311304217465D-06  2.011387729366D+05  2.472273671015D+11  1.143687537819D+33
  3.133878406137D-06  1.979124429927D+05  2.489055588306D+11  1.143689679657D+33
  2.966203008295D-06  1.947331298783D+05  2.505717155306D+11  1.143691719503D+33
  2.808944806172D-06  1.915983577704D+05  2.522257384112D+11  1.143693662213D+33
  2.661424647523D-06  1.885042334612D+05  2.538671647682D+11  1.143695512413D+33
  2.522926176466D-06  1.854516701984D+05  2.554955524661D+11  1.143697274509D+33
  2.391638541232D-06  1.824423143676D+05  2.571108918092D+11  1.143698952695D+33
  2.268242422754D-06  1.794738450014D+05  2.587132036903D+11  1.143700550968D+33
  2.152332776008D-06  1.765454108328D+05  2.603020942321D+11  1.143702073132D+33
  2.043296201340D-06  1.736582213181D+05  2.618771828551D+11  1.143703522813D+33
  1.940157687930D-06  1.708115593835D+05  2.634383543073D+11  1.143704903461D+33
  1.842661094596D-06  1.680033932928D+05  2.649856723780D+11  1.143706218363D+33
  1.750908247661D-06  1.652340226196D+05  2.665189765884D+11  1.143707470652D+33
  1.664492613318D-06  1.625036657274D+05  2.680379398777D+11  1.143708663307D+33
  1.583005294823D-06  1.598125246589D+05  2.695422937225D+11  1.143709799170D+33
  1.505389183268D-06  1.571638807964D+05  2.710321776422D+11  1.143710880944D+33
  1.432107604919D-06  1.545616034064D+05  2.725077644953D+11  1.143711911205D+33
  1.362885744467D-06  1.520067963578D+05  2.739688982815D+11  1.143712892405D+33
  1.297412586712D-06  1.495010184362D+05  2.754154707569D+11  1.143713826882D+33
  1.235226807467D-06  1.470438035417D+05  2.768475525538D+11  1.143714716860D+33
  1.176022854909D-06  1.446343390054D+05  2.782654298105D+11  1.143715564458D+33
  1.119994407822D-06  1.422723956566D+05  2.796692482005D+11  1.143716371695D+33
  1.066926073348D-06  1.399565575976D+05  2.810589586667D+11  1.143717140491D+33
  1.016644748526D-06  1.376874567820D+05  2.824345372836D+11  1.143717872678D+33
  9.686671201677D-07  1.354647290129D+05  2.837961909579D+11  1.143718569999D+33
  9.230112812964D-07  1.332882654057D+05  2.851442582761D+11  1.143719234114D+33
  8.797380202559D-07  1.311565223436D+05  2.864788457421D+11  1.143719866605D+33
  8.386854657423D-07  1.290685001360D+05  2.877999458746D+11  1.143720468977D+33
  7.997083260588D-07  1.270246917403D+05  2.891075926998D+11  1.143721042665D+33
  7.623778776318D-07  1.250236022651D+05  2.904021049627D+11  1.143721589034D+33
  7.268952493818D-07  1.230651225517D+05  2.916838272912D+11  1.143722109386D+33
  6.931928407111D-07  1.211506227975D+05  2.929528368598D+11  1.143722604959D+33
  6.611548611280D-07  1.192787822916D+05  2.942092025412D+11  1.143723076933D+33
  6.306895487210D-07  1.174485381932D+05  2.954530161613D+11  1.143723526433D+33
  6.014261561563D-07  1.156597543844D+05  2.966846656705D+11  1.143723954527D+33
  5.736179046893D-07  1.139105429866D+05  2.979045136938D+11  1.143724362237D+33
  5.471773549860D-07  1.121996211828D+05  2.991126166577D+11  1.143724750531D+33
  5.220333857555D-07  1.105264141996D+05  3.003090419702D+11  1.143725120335D+33
  4.980709128380D-07  1.088902150782D+05  3.014939125129D+11  1.143725472530D+33
  4.750731743572D-07  1.072896276490D+05  3.026676002791D+11  1.143725807953D+33
  4.532146710843D-07  1.057226202713D+05  3.038303983356D+11  1.143726127404D+33
  4.324167863100D-07  1.041894601987D+05  3.049823526188D+11  1.143726431643D+33
  4.126277698692D-07  1.026885478644D+05  3.061235302642D+11  1.143726721394D+33
  3.937520021849D-07  1.012186035495D+05  3.072540570572D+11  1.143726997348D+33
  3.756521488222D-07  9.977946404054D+04  3.083742585044D+11  1.143727260161D+33
  3.584336717491D-07  9.837083285808D+04  3.094843857412D+11  1.143727510459D+33
  3.420369661961D-07  9.699394635615D+04  3.105845011054D+11  1.143727748838D+33
  3.264214807908D-07  9.564734514373D+04  3.116746885914D+11  1.143727975865D+33
  3.114916705221D-07  9.433049233686D+04  3.127551279066D+11  1.143728192082D+33
  2.971794013526D-07  9.304274351707D+04  3.138261617758D+11  1.143728398003D+33
  2.835538861844D-07  9.178230844236D+04  3.148880227254D+11  1.143728594118D+33
  2.705827538007D-07  9.054879073242D+04  3.159407628257D+11  1.143728780895D+33
  2.582287760129D-07  8.934119251913D+04  3.169844385253D+11  1.143728958777D+33
  2.464089270263D-07  8.815887859210D+04  3.180192237611D+11  1.143729128188D+33
  2.350808311577D-07  8.700125581870D+04  3.190454421292D+11  1.143729289533D+33
  2.243040098746D-07  8.586672995361D+04  3.200632780496D+11  1.143729443194D+33
  2.140450761320D-07  8.475420217217D+04  3.210727484857D+11  1.143729589538D+33
  2.042740171129D-07  8.366371361858D+04  3.220738926313D+11  1.143729728913D+33
  1.949167310201D-07  8.259482680832D+04  3.230668856016D+11  1.143729861652D+33
  1.859619327962D-07  8.154635592353D+04  3.240520121918D+11  1.143729988069D+33
  1.774389646236D-07  8.051779415433D+04  3.250294128692D+11  1.143730108467D+33
  1.693263021961D-07  7.950872608456D+04  3.259990997563D+11  1.143730223131D+33
  1.616017893643D-07  7.851835161503D+04  3.269610891274D+11  1.143730332336D+33
  1.541974668086D-07  7.754509902853D+04  3.279155513177D+11  1.143730436340D+33
  1.471225615225D-07  7.658802487170D+04  3.288627349418D+11  1.143730535391D+33
  1.403925199878D-07  7.564675223499D+04  3.298027165958D+11  1.143730629726D+33
  1.339882373839D-07  7.472099493894D+04  3.307354774870D+11  1.143730719568D+33
  1.278936214865D-07  7.381022795120D+04  3.316610031428D+11  1.143730805133D+33
  1.220480631559D-07  7.291370688050D+04  3.325794461180D+11  1.143730886623D+33
  1.164649209676D-07  7.203092471059D+04  3.334910369370D+11  1.143730964232D+33
  1.111553707249D-07  7.116165092863D+04  3.343958222032D+11  1.143731038146D+33
  1.061034724451D-07  7.030543023750D+04  3.352937631209D+11  1.143731108540D+33
  1.012962247019D-07  6.946212875298D+04  3.361848291229D+11  1.143731175582D+33
  9.667790333979D-08  6.863145697116D+04  3.370691866969D+11  1.143731239431D+33
  9.227148214403D-08  6.781258840217D+04  3.379470580920D+11  1.143731300240D+33
  8.808038123078D-08  6.700554617430D+04  3.388184583901D+11  1.143731358153D+33
  8.409185248505D-08  6.621023433212D+04  3.396833460285D+11  1.143731413309D+33
  8.029700423555D-08  6.542566343605D+04  3.405416817650D+11  1.143731465838D+33
  7.664920659274D-08  6.465181023535D+04  3.413936228871D+11  1.143731515866D+33
  7.316865293667D-08  6.388887409583D+04  3.422393839699D+11  1.143731563511D+33
  6.985837870738D-08  6.313596046781D+04  3.430789684333D+11  1.143731608888D+33
  6.671299486314D-08  6.238993096075D+04  3.439122942540D+11  1.143731652104D+33
  6.372753588731D-08  6.164705948933D+04  3.447392358007D+11  1.143731693262D+33
  6.086579395004D-08  6.090630803477D+04  3.455598298509D+11  1.143731732460D+33
  5.814449837918D-08  6.016737323543D+04  3.463741472127D+11  1.143731769791D+33
  5.556460828648D-08  5.942950742050D+04  3.471820482597D+11  1.143731805345D+33
  5.311949955817D-08  5.869241819373D+04  3.479833268419D+11  1.143731839205D+33
  5.079908529876D-08  5.795605431329D+04  3.487777906666D+11  1.143731871454D+33
  4.857789753899D-08  5.721952956326D+04  3.495654208387D+11  1.143731902166D+33
  4.646487855722D-08  5.648207165088D+04  3.503462394070D+11  1.143731931417D+33
  4.446286110156D-08  5.574347523235D+04  3.511200856061D+11  1.143731959274D+33
  4.256661002390D-08  5.500393297624D+04  3.518867198727D+11  1.143731985805D+33
  4.076866331663D-08  5.426279117275D+04  3.526459118624D+11  1.143732011072D+33
  3.905388254970D-08  5.351982832333D+04  3.533975421002D+11  1.143732035136D+33
  3.741652346622D-08  5.277500155130D+04  3.541416029800D+11  1.143732058055D+33
  3.586724723853D-08  5.202751238134D+04  3.548779581047D+11  1.143732079881D+33
  3.440066423737D-08  5.127693720500D+04  3.556063319772D+11  1.143732100669D+33
  3.301248590986D-08  5.052330793293D+04  3.563264547660D+11  1.143732120467D+33
  3.169719362448D-08  4.976691221939D+04  3.570380709892D+11  1.143732139322D+33
  3.043475103735D-08  4.900906198218D+04  3.577411269991D+11  1.143732157279D+33
  2.923875201218D-08  4.825011882124D+04  3.584355685749D+11  1.143732174381D+33
  2.810577830682D-08  4.749032952436D+04  3.591211548030D+11  1.143732190668D+33
  2.703141646155D-08  4.673062409127D+04  3.597976602116D+11  1.143732206180D+33
  2.601231668438D-08  4.597082993401D+04  3.604648801746D+11  1.143732220954D+33
  2.504376459191D-08  4.521118282433D+04  3.611226419125D+11  1.143732235023D+33
  2.411174175311D-08  4.445243768110D+04  3.617709534310D+11  1.143732248423D+33
  2.322526990033D-08  4.369495267206D+04  3.624098333849D+11  1.143732261185D+33
  2.238042861392D-08  4.293894477257D+04  3.630391813277D+11  1.143732273339D+33
  2.157281773741D-08  4.218499957236D+04  3.636589570457D+11  1.143732284914D+33
  2.079850413134D-08  4.143409202109D+04  3.642691886696D+11  1.143732295938D+33
  2.005381335886D-08  4.068708703101D+04  3.648699702271D+11  1.143732306437D+33
  1.932771938999D-08  3.994461165333D+04  3.654615767666D+11  1.143732316437D+33
  1.862302573060D-08  3.921132787856D+04  3.660443785849D+11  1.143732325960D+33
  1.793666990606D-08  3.849298883349D+04  3.666187295353D+11  1.143732335029D+33
  1.726744148750D-08  3.779079684338D+04  3.671850302999D+11  1.143732343667D+33
  1.661466721316D-08  3.710494654779D+04  3.677436953782D+11  1.143732351893D+33
  1.597821808863D-08  3.643557920835D+04  3.682951378777D+11  1.143732359728D+33
  1.535268321837D-08  3.578227009489D+04  3.688398546996D+11  1.143732367189D+33
  1.474295856395D-08  3.514454013302D+04  3.693783440435D+11  1.143732374296D+33
  1.415100715159D-08  3.452171424014D+04  3.699109749069D+11  1.143732381063D+33
  1.357674740890D-08  3.391290320066D+04  3.704380673115D+11  1.143732387509D+33
  1.301984309749D-08  3.331759555269D+04  3.709599320398D+11  1.143732393648D+33
  1.247861186148D-08  3.273508865275D+04  3.714769034813D+11  1.143732399494D+33
  1.194982062825D-08  3.216466001636D+04  3.719894048747D+11  1.143732405062D+33
  1.143862401361D-08  3.160503786720D+04  3.724978097455D+11  1.143732410365D+33
  1.094507439104D-08  3.105420918963D+04  3.730023669174D+11  1.143732415415D+33
  1.046872458261D-08  3.051052769362D+04  3.735033119039D+11  1.143732420225D+33
  1.000919286589D-08  2.997333886294D+04  3.740008762254D+11  1.143732424805D+33
  9.561443669197D-09  2.944197324983D+04  3.744954060082D+11  1.143732429168D+33
  9.130085419633D-09  2.891519346533D+04  3.749872429459D+11  1.143732433323D+33
  8.714701592955D-09  2.839227541972D+04  3.754766054638D+11  1.143732437280D+33
  8.314427803624D-09  2.787313095190D+04  3.759637220959D+11  1.143732441048D+33
  7.928154447208D-09  2.735748873454D+04  3.764488547646D+11  1.143732444637D+33
  7.552391626372D-09  2.684446734073D+04  3.769323890587D+11  1.143732448056D+33
  7.190408191577D-09  2.633317992061D+04  3.774147079413D+11  1.143732451311D+33
  6.842018075737D-09  2.582215409608D+04  3.778960857371D+11  1.143732454412D+33
  6.506877509089D-09  2.530951000426D+04  3.783767938533D+11  1.143732457364D+33
  6.183610728493D-09  2.479277906857D+04  3.788571463407D+11  1.143732460176D+33
  5.872069108876D-09  2.426856278853D+04  3.793374989985D+11  1.143732462855D+33
  5.574421675466D-09  2.373292849433D+04  3.798181079967D+11  1.143732465405D+33
  5.290740473878D-09  2.318157793707D+04  3.802991028646D+11  1.143732467835D+33
  5.021442866534D-09  2.260890601974D+04  3.807805379241D+11  1.143732470148D+33
  4.765204544035D-09  2.200779226558D+04  3.812624492713D+11  1.143732472352D+33
  4.525864529225D-09  2.136833192274D+04  3.817446668605D+11  1.143732474450D+33
  4.306559256005D-09  2.067374092626D+04  3.822265399210D+11  1.143732476449D+33
  4.114242874759D-09  1.989416212571D+04  3.827066686304D+11  1.143732478352D+33
  3.965674062147D-09  1.896753959849D+04  3.831820044129D+11  1.143732480165D+33
  3.909886567258D-09  1.774053252297D+04  3.836453161420D+11  1.143732481891D+33
  4.141192543293D-09  1.562219707460D+04  3.840766677529D+11  1.143732483536D+33
  1.133816532185D-08  9.123063705154D+03  3.843532358552D+11  1.143732485101D+33
  1.434706743265D-08  7.025980378401D+03  3.844817424965D+11  1.143732486629D+33
  1.384565086473D-08  6.438127531665D+03  3.845941693180D+11  1.143732488120D+33
  1.264595726324D-08  6.125309403082D+03  3.847109897575D+11  1.143732489574D+33
  1.114571960268D-08  5.923082878831D+03  3.848380306104D+11  1.143732490992D+33
  9.489597209868D-09  5.780034484946D+03  3.849811533641D+11  1.143732492376D+33
  7.748231326821D-09  5.674063654758D+03  3.851487610767D+11  1.143732493727D+33
  5.963402540622D-09  5.594005399595D+03  3.853554614120D+11  1.143732495044D+33
  4.162687397717D-09  5.533846052901D+03  3.856321388645D+11  1.143732496329D+33
  2.367056227222D-09  5.490641864126D+03  3.860692439427D+11  1.143732497583D+33
  5.960990117064D-10  5.465826699149D+03  3.874067228840D+11  1.143732498807D+33
