     0.00000000E+00   -3.78844560E-05   -6.23633188E-05   -2.48577074E-05
     1.66772805E-06   -4.62482775E-05   -7.60736264E-05   -3.00375459E-05
     3.43034585E-06   -5.78012783E-05   -9.10383078E-05   -3.37004980E-05
     5.43253832E-06   -6.54400832E-05   -1.07671705E-04   -4.28394482E-05
     7.47480058E-06   -6.63376626E-05   -1.25985697E-04   -5.10087974E-05
     9.27431250E-06   -9.56644531E-05   -1.46468874E-04   -5.15924253E-05
     1.20160838E-05   -1.06899156E-04   -1.69096148E-04   -6.32659845E-05
     1.48393181E-05   -1.12864031E-04   -1.93622633E-04   -7.57245404E-05
     1.75240407E-05   -1.35298163E-04   -2.21059315E-04   -8.71141344E-05
     2.07271285E-05   -1.50457545E-04   -2.51445195E-04   -9.79010233E-05
     2.40951112E-05   -1.63809674E-04   -2.84435734E-04   -1.13584173E-04
     2.75347470E-05   -2.02892208E-04   -3.21478487E-04   -1.20615201E-04
     3.19865943E-05   -2.13242817E-04   -3.61749604E-04   -1.43463576E-04
     3.62590989E-05   -2.47767866E-04   -4.05914780E-04   -1.60624593E-04
     4.12412837E-05   -2.88405093E-04   -4.54682786E-04   -1.65479910E-04
     4.70469503E-05   -3.09752663E-04   -5.06891199E-04   -2.00236063E-04
     5.28896446E-05   -3.44301332E-04   -5.64863130E-04   -2.22260974E-04
     5.92088941E-05   -3.83391091E-04   -6.26715269E-04   -2.47158089E-04
     6.60865749E-05   -4.25503898E-04   -6.95490425E-04   -2.73940277E-04
     7.35410220E-05   -4.84563315E-04   -7.68526187E-04   -2.88808505E-04
     8.20347451E-05   -5.02541724E-04   -8.49335348E-04   -3.36943919E-04
     9.01268539E-05   -5.73298270E-04   -9.35233309E-04   -3.67668022E-04
     9.94979166E-05   -6.17131663E-04   -1.03057440E-03   -4.07269582E-04
     1.09159168E-04   -6.94243271E-04   -1.13143958E-03   -4.44138737E-04
     1.20056716E-04   -6.98345623E-04   -1.24232952E-03   -4.92859806E-04
     1.29901800E-04   -8.36660296E-04   -1.36227247E-03   -5.33978773E-04
     1.42651461E-04   -8.31743355E-04   -1.49275596E-03   -5.97884926E-04
     1.53937622E-04   -1.00623852E-03   -1.63401029E-03   -6.37834148E-04
     1.68851995E-04   -9.87871101E-04   -1.78489933E-03   -7.12013893E-04
     1.81777812E-04   -1.20277850E-03   -1.95315390E-03   -7.62403183E-04
     1.99092676E-04   -1.30669239E-03   -2.12992473E-03   -8.32774687E-04
     2.17420627E-04   -1.43627909E-03   -2.32508234E-03   -9.08417788E-04
     2.37296763E-04   -1.55971952E-03   -2.52955032E-03   -9.85427988E-04
     2.58394982E-04   -1.65177671E-03   -2.75518225E-03   -1.08232196E-03
     2.79814324E-04   -1.92192335E-03   -2.99192197E-03   -1.08921785E-03
     3.05795180E-04   -1.94707325E-03   -3.24498965E-03   -1.27257973E-03
     3.30077511E-04   -2.22332978E-03   -3.52455300E-03   -1.32345652E-03
     3.58658225E-04   -2.35974802E-03   -3.81584706E-03   -1.47969651E-03
     3.87910809E-04   -2.46252018E-03   -4.13595833E-03   -1.61675842E-03
     4.17013025E-04   -2.77166661E-03   -4.47334738E-03   -1.73049102E-03
     4.50528349E-04   -2.92053255E-03   -4.83261729E-03   -1.88050193E-03
     4.84550959E-04   -3.05262770E-03   -5.22916574E-03   -2.04991946E-03
     5.18673829E-04   -3.50519122E-03   -5.64531881E-03   -2.17696290E-03
     5.59618292E-04   -3.57389922E-03   -6.08911832E-03   -2.38167507E-03
     5.98809149E-04   -3.79115282E-03   -6.57968029E-03   -2.57859758E-03
     6.39429979E-04   -4.43220561E-03   -7.09281266E-03   -2.70492911E-03
     6.89849262E-04   -4.51268485E-03   -7.64704128E-03   -2.99220228E-03
     7.38115658E-04   -5.14969664E-03   -8.24411510E-03   -3.16843287E-03
     7.95248721E-04   -5.52934597E-03   -8.87021411E-03   -3.39616160E-03
     8.55541418E-04   -5.67969052E-03   -9.53969921E-03   -3.70255739E-03
     9.14387978E-04   -6.44084557E-03   -1.02698939E-02   -3.93498438E-03
     9.83294600E-04   -6.89745915E-03   -1.10342747E-02   -4.20869242E-03
     1.05583196E-03   -7.36169936E-03   -1.18446014E-02   -4.53801269E-03
     1.13184318E-03   -7.98203318E-03   -1.27254430E-02   -4.86990256E-03
     1.21384207E-03   -8.56595624E-03   -1.36535909E-02   -5.19204256E-03
     1.30071086E-03   -9.18865224E-03   -1.46294337E-02   -5.55954819E-03
     1.39274288E-03   -9.81645111E-03   -1.56859836E-02   -5.93287417E-03
     1.48962789E-03   -9.15932735E-03   -1.68032786E-02   -6.83644265E-03
     1.56919582E-03   -1.08564576E-02   -1.79860207E-02   -6.89604656E-03
     1.67218976E-03   -1.16700135E-02   -1.92674638E-02   -7.39816415E-03
     1.78224347E-03   -1.10804158E-02   -2.06079495E-02   -8.02152174E-03
     1.87590825E-03   -1.30581886E-02   -2.20609332E-02   -9.01139553E-03
     1.99580586E-03   -1.49113623E-02   -2.36113711E-02   -8.88714880E-03
     2.13805134E-03   -1.53629580E-02   -2.52295457E-02   -9.69282545E-03
     2.27896991E-03   -1.71632485E-02   -2.69864383E-02   -1.01650151E-02
     2.43963340E-03   -1.61314770E-02   -2.87978376E-02   -1.11023375E-02
     2.57511081E-03   -1.95223805E-02   -3.07691641E-02   -1.15650875E-02
     2.75432691E-03   -2.02214332E-02   -3.28402563E-02   -1.23622608E-02
     2.93385745E-03   -2.23381692E-02   -3.50167160E-02   -1.31253101E-02
     3.13469648E-03   -2.33443232E-02   -3.73703734E-02   -1.40540851E-02
     3.33911383E-03   -2.50377485E-02   -3.97672444E-02   -1.49391794E-02
     3.55680855E-03   -2.52391178E-02   -4.23875413E-02   -1.76322609E-02
     3.76550110E-03   -2.61168647E-02   -4.50742023E-02   -1.72007870E-02
     3.97534545E-03   -3.07844844E-02   -4.80186029E-02   -1.78498082E-02
     4.23928421E-03   -2.79977418E-02   -5.10475634E-02   -1.95646061E-02
     4.45066960E-03   -3.48605067E-02   -5.43110413E-02   -2.01477447E-02
     4.74480819E-03   -3.26772930E-02   -5.77146949E-02   -2.19260685E-02
     4.99412108E-03   -3.91271950E-02   -6.13260877E-02   -2.27454691E-02
     5.31675998E-03   -3.81582116E-02   -6.51334616E-02   -2.47297211E-02
     5.61011487E-03   -4.40378641E-02   -6.91447887E-02   -2.60939278E-02
     5.96538343E-03   -4.35320501E-02   -7.32711567E-02   -2.76415213E-02
     6.29627404E-03   -4.86048958E-02   -7.78079230E-02   -2.88586068E-02
     6.67537675E-03   -4.63348353E-02   -8.24163701E-02   -3.28693967E-02
     7.00630273E-03   -5.27808149E-02   -8.74212830E-02   -4.41168362E-02
     7.40015723E-03   -5.30352446E-02   -9.25486403E-02   -3.84863033E-02
     7.77881268E-03   -5.75949044E-02   -9.80335571E-02   -3.67618791E-02
     8.19542884E-03   -6.76701699E-02   -1.03790815E-01   -3.77733684E-02
     8.71312781E-03   -6.44622928E-02   -1.09744376E-01   -4.09024700E-02
     9.16818834E-03   -6.96263822E-02   -1.16031017E-01   -4.31722535E-02
     9.66241124E-03   -7.40508991E-02   -1.22659205E-01   -5.01369249E-02
     1.01848062E-02   -8.23077867E-02   -1.29698901E-01   -4.73872936E-02
     1.07775432E-02   -8.25993228E-02   -1.36944120E-01   -5.04758489E-02
     1.13462887E-02   -8.47128423E-02   -1.44456316E-01   -5.36722862E-02
     1.19126524E-02   -9.56098303E-02   -1.52474007E-01   -5.74195999E-02
     1.25736750E-02   -1.03086641E-01   -1.60893979E-01   -5.83666415E-02
     1.32865704E-02   -9.79756733E-02   -1.69603286E-01   -6.69392346E-02
     1.39126462E-02   -1.06950997E-01   -1.78494492E-01   -6.56461199E-02
     1.46065905E-02   -1.24721704E-01   -1.88114904E-01   -6.70103487E-02
     1.54569889E-02   -1.18560212E-01   -1.98080643E-01   -7.27130426E-02
     1.62065068E-02   -1.22986841E-01   -2.08468294E-01   -7.65530506E-02
     1.69691636E-02   -1.41251873E-01   -2.19016852E-01   -7.85088729E-02
     1.78843706E-02   -1.35204146E-01   -2.30266445E-01   -8.87068721E-02
     1.87004032E-02   -1.20958167E-01   -2.41954675E-01   -1.00475927E-01
     1.93414145E-02   -1.69354541E-01   -2.54117123E-01   -8.95347499E-02
     2.04282706E-02   -1.71670629E-01   -2.67060127E-01   -9.51499937E-02
     2.14927480E-02   -1.63990932E-01   -2.79906579E-01   -1.04279168E-01
     2.24405748E-02   -1.70550605E-01   -2.93731965E-01   -1.14345394E-01
     2.34116868E-02   -2.00352286E-01   -3.08310743E-01   -1.08992475E-01
     2.46207841E-02   -1.97558160E-01   -3.22922786E-01   -1.19027428E-01
     2.57561315E-02   -2.27803756E-01   -3.38328935E-01   -1.17922435E-01
     2.71207686E-02   -2.31997506E-01   -3.54397404E-01   -1.24857207E-01
     2.84694808E-02   -2.27959696E-01   -3.70474365E-01   -1.32211335E-01
     2.97301353E-02   -2.34410119E-01   -3.87678195E-01   -1.42165884E-01
     3.09985118E-02   -2.41585450E-01   -4.05389346E-01   -1.45837471E-01
     3.22802067E-02   -2.17814676E-01   -4.23652485E-01   -1.71410965E-01
     3.33108087E-02   -2.71462383E-01   -4.42496527E-01   -1.65508034E-01
     3.47540455E-02   -2.83574952E-01   -4.62215598E-01   -1.67622922E-01
     3.62439246E-02   -3.10603062E-01   -4.82603999E-01   -1.68853363E-01
     3.79002422E-02   -3.20539894E-01   -5.03860233E-01   -1.94139697E-01
     3.95762296E-02   -3.28313222E-01   -5.25354077E-01   -1.86149196E-01
     4.12532622E-02   -3.44252943E-01   -5.47966504E-01   -1.94991731E-01
     4.29952524E-02   -3.53052823E-01   -5.71118252E-01   -2.01216486E-01
     4.47429937E-02   -3.77388857E-01   -5.94042198E-01   -2.25034608E-01
     4.66156163E-02   -4.17291790E-01   -6.18657377E-01   -2.11163801E-01
     4.87249447E-02   -3.92306464E-01   -6.43815343E-01   -2.44860699E-01
     5.05719577E-02   -4.15604592E-01   -6.69556223E-01   -2.33601196E-01
     5.25264765E-02   -4.08469347E-01   -6.95983850E-01   -2.48543456E-01
     5.43605684E-02   -4.26283665E-01   -7.23154335E-01   -2.58260976E-01
     5.62594190E-02   -4.65231005E-01   -7.51035073E-01   -2.64975287E-01
     5.83697137E-02   -4.77752733E-01   -7.79910819E-01   -2.93225396E-01
     6.04953431E-02   -5.25656205E-01   -8.09797623E-01   -2.81114312E-01
     6.28804273E-02   -5.30168211E-01   -8.40073418E-01   -2.94498971E-01
     6.52153761E-02   -5.66747415E-01   -8.72141204E-01   -3.01570936E-01
     6.77179217E-02   -5.31406226E-01   -9.03901743E-01   -3.40546673E-01
     6.99011894E-02   -5.82565012E-01   -9.36318743E-01   -3.25444899E-01
     7.23472034E-02   -6.26078860E-01   -9.69636110E-01   -3.30840480E-01
     7.49934510E-02   -6.38944864E-01   -1.00380364E+00   -3.55854493E-01
     7.76339318E-02   -5.90253828E-01   -1.03872423E+00   -3.81530197E-01
     7.98810262E-02   -7.23233081E-01   -1.07484698E+00   -3.65159617E-01
     8.28789259E-02   -6.90548378E-01   -1.11191079E+00   -4.06949126E-01
     8.55794747E-02   -6.49325560E-01   -1.14837224E+00   -4.39998833E-01
     8.79439389E-02   -7.21091144E-01   -1.18642264E+00   -4.34456229E-01
     9.06577220E-02   -8.08904640E-01   -1.22584742E+00   -4.08845650E-01
     9.37978239E-02   -7.93652398E-01   -1.26611491E+00   -4.60569042E-01
     9.67498296E-02   -8.13598343E-01   -1.30679126E+00   -4.64737766E-01
     9.97211816E-02   -8.73114460E-01   -1.34963088E+00   -4.89344242E-01
     1.02931046E-01   -8.79421653E-01   -1.39219822E+00   -5.01869919E-01
     1.06074396E-01   -8.80161277E-01   -1.43510102E+00   -5.09816044E-01
     1.09123662E-01   -9.23772287E-01   -1.47879388E+00   -5.27577704E-01
     1.12311600E-01   -1.00289370E+00   -1.52334450E+00   -5.21097690E-01
     1.15817801E-01   -9.40230469E-01   -1.56980430E+00   -5.39738469E-01
     1.18891673E-01   -9.34926663E-01   -1.61577670E+00   -6.19646422E-01
     1.21845323E-01   -1.07859401E+00   -1.66282016E+00   -5.73811759E-01
     1.25433457E-01   -1.08878664E+00   -1.71240890E+00   -5.95304012E-01
     1.28965510E-01   -1.01325304E+00   -1.76124562E+00   -6.73825343E-01
     1.32024348E-01   -1.06196186E+00   -1.81035222E+00   -6.66122094E-01
     1.35227920E-01   -1.18863243E+00   -1.86139878E+00   -6.36127008E-01
     1.38939301E-01   -1.18202827E+00   -1.91401322E+00   -7.03862995E-01
     1.42513763E-01   -1.23675842E+00   -1.96703826E+00   -6.86210236E-01
     1.46238742E-01   -1.38564192E+00   -2.02277823E+00   -6.64721565E-01
     1.50534025E-01   -1.26904510E+00   -2.07789223E+00   -7.74217253E-01
     1.54188233E-01   -1.29035555E+00   -2.13260102E+00   -7.53285913E-01
     1.57835849E-01   -1.31241793E+00   -2.18890465E+00   -8.10682551E-01
     1.61480131E-01   -1.31879104E+00   -2.24689887E+00   -8.08511205E-01
     1.65053361E-01   -1.44966153E+00   -2.30561092E+00   -8.43133474E-01
     1.69083452E-01   -1.58951537E+00   -2.36599888E+00   -8.40040456E-01
     1.73589157E-01   -1.56899166E+00   -2.42716001E+00   -8.37211266E-01
     1.77893321E-01   -1.56256756E+00   -2.48799766E+00   -8.83264116E-01
     1.82060726E-01   -1.61356355E+00   -2.54965072E+00   -9.22581059E-01
     1.86325399E-01   -1.49702160E+00   -2.61348880E+00   -9.57890575E-01
     1.90022622E-01   -1.73709404E+00   -2.67793079E+00   -9.56455532E-01
     1.94560876E-01   -1.86835479E+00   -2.74391344E+00   -9.28416200E-01
     1.99491053E-01   -1.68552789E+00   -2.80998762E+00   -1.01782034E+00
     2.03608530E-01   -1.84601926E+00   -2.87643286E+00   -1.02178618E+00
     2.08226251E-01   -1.87565726E+00   -2.94450891E+00   -1.04290542E+00
     2.12842347E-01   -1.79394351E+00   -3.01216956E+00   -1.07992416E+00
     2.17051211E-01   -1.91612071E+00   -3.08121162E+00   -1.07836058E+00
     2.21601095E-01   -1.92555156E+00   -3.15532188E+00   -1.12329857E+00
     2.26079151E-01   -2.03229778E+00   -3.22351024E+00   -1.13519512E+00
     2.30828685E-01   -2.03779605E+00   -3.30032191E+00   -1.16323171E+00
     2.35489082E-01   -2.02034554E+00   -3.37211285E+00   -1.19150873E+00
     2.39985131E-01   -2.26809861E+00   -3.44588741E+00   -1.18813772E+00
     2.45219470E-01   -2.09042551E+00   -3.52404912E+00   -1.33925749E+00
     2.49745673E-01   -2.34491393E+00   -3.60016672E+00   -1.23852670E+00
     2.55013594E-01   -2.18404092E+00   -3.68024857E+00   -1.28826548E+00
     2.59643099E-01   -2.52997584E+00   -3.75924580E+00   -1.27001405E+00
     2.65289804E-01   -2.53498709E+00   -3.84122851E+00   -1.30334471E+00
     2.70834333E-01   -2.33461262E+00   -3.91927148E+00   -1.36703882E+00
     2.75632212E-01   -2.53182486E+00   -4.00341252E+00   -1.40270424E+00
     2.80945634E-01   -2.53597186E+00   -4.08395201E+00   -1.40202831E+00
     2.86163065E-01   -2.79708741E+00   -4.16599313E+00   -1.39286064E+00
     2.92070993E-01   -2.46682124E+00   -4.25397276E+00   -1.59001830E+00
     2.96865826E-01   -2.84459131E+00   -4.33830105E+00   -1.45887240E+00
     3.02692439E-01   -2.86545936E+00   -4.42781694E+00   -1.48726236E+00
     3.08466015E-01   -2.82201058E+00   -4.50980380E+00   -1.54032402E+00
     3.14000183E-01   -2.48532855E+00   -4.60285164E+00   -1.83717020E+00
     3.18455907E-01   -2.97556246E+00   -4.69019741E+00   -1.60900463E+00
     3.24227557E-01   -3.09874402E+00   -4.78516310E+00   -1.61825177E+00
     3.30238333E-01   -3.00943419E+00   -4.87431690E+00   -1.70388128E+00
     3.35885860E-01   -3.29198801E+00   -4.97124528E+00   -1.64098557E+00
     3.42209792E-01   -2.88402250E+00   -5.05814877E+00   -1.94812460E+00
     3.47299062E-01   -3.09680419E+00   -5.15763869E+00   -1.81978478E+00
     3.52872456E-01   -3.43167512E+00   -5.25260869E+00   -1.77343621E+00
     3.59243358E-01   -3.50970787E+00   -5.34519213E+00   -1.76463703E+00
     3.65705670E-01   -3.35865689E+00   -5.44574099E+00   -1.81594532E+00
     3.71653898E-01   -3.43986830E+00   -5.54807489E+00   -2.02227459E+00
     3.77707657E-01   -3.66145538E+00   -5.64124087E+00   -1.83331851E+00
     3.84225980E-01   -3.38066213E+00   -5.74571436E+00   -2.05569851E+00
     3.89912898E-01   -3.81322602E+00   -5.84836208E+00   -1.95083540E+00
     3.96592818E-01   -3.79501290E+00   -5.94249492E+00   -2.08464611E+00
     4.03110392E-01   -3.85308260E+00   -6.04831339E+00   -1.95949757E+00
     4.09659552E-01   -3.62537707E+00   -6.15433533E+00   -2.25965000E+00
     4.15538407E-01   -3.97133268E+00   -6.25491818E+00   -2.12854772E+00
     4.22157376E-01   -3.96957013E+00   -6.36390114E+00   -2.11419406E+00
     4.28658650E-01   -4.17588454E+00   -6.47329609E+00   -2.07036155E+00
     4.35539628E-01   -4.36052619E+00   -6.57133992E+00   -2.30579762E+00
     4.42738496E-01   -4.31453850E+00   -6.67884499E+00   -2.12725157E+00
     4.49707228E-01   -4.11586201E+00   -6.78871015E+00   -2.37047955E+00
     4.56096994E-01   -4.27649913E+00   -6.89520622E+00   -2.39913470E+00
     4.62742305E-01   -4.56370206E+00   -7.00778792E+00   -2.20656007E+00
     4.69920144E-01   -4.57626199E+00   -7.12047353E+00   -2.27625578E+00
     4.77000238E-01   -4.88170401E+00   -7.21821239E+00   -2.36148941E+00
     4.84631222E-01   -4.81263262E+00   -7.33078874E+00   -2.28480334E+00
     4.91975127E-01   -4.90400952E+00   -7.44258604E+00   -2.31369739E+00
     4.99383467E-01   -4.98270322E+00   -7.55384039E+00   -2.33594111E+00
     5.06824029E-01   -5.05772684E+00   -7.66627751E+00   -2.35538441E+00
     5.14285867E-01   -5.15125920E+00   -7.78029054E+00   -2.38219113E+00
     5.21804516E-01   -5.24662226E+00   -7.89313323E+00   -2.40904771E+00
     5.29378150E-01   -5.34205406E+00   -8.00482035E+00   -2.43510892E+00
     5.37000459E-01   -5.75376059E+00   -8.11513841E+00   -2.22573029E+00
     5.45298529E-01   -5.70560888E+00   -8.22372315E+00   -2.35636200E+00
     5.53337399E-01   -5.63392626E+00   -8.33445139E+00   -2.47024281E+00
     5.61076827E-01   -6.05129706E+00   -8.44334066E+00   -2.25153868E+00
     5.69461624E-01   -5.83185527E+00   -8.55783053E+00   -2.31703100E+00
     5.77259456E-01   -6.47715340E+00   -8.67369632E+00   -2.13311175E+00
     5.86096097E-01   -6.56644278E+00   -8.77498380E+00   -2.15284560E+00
     5.94908801E-01   -6.55275656E+00   -8.89375821E+00   -2.10969863E+00
     6.03507939E-01   -6.89190623E+00   -8.99389022E+00   -2.01626732E+00
     6.12523929E-01   -6.52455442E+00   -9.10299602E+00   -2.22230406E+00
     6.20703529E-01   -7.23754193E+00   -9.20643716E+00   -1.98051095E+00
     6.29927662E-01   -6.84206235E+00   -9.30901739E+00   -2.11243766E+00
     6.38281730E-01   -6.90482380E+00   -9.41059530E+00   -2.25680518E+00
     6.46555878E-01   -7.17129167E+00   -9.52431119E+00   -2.28148713E+00
     6.55083584E-01   -7.28785162E+00   -9.61949804E+00   -2.23893815E+00
     6.63615268E-01   -6.67321221E+00   -9.71924448E+00   -2.62727678E+00
     6.70998945E-01   -7.01189222E+00   -9.82162602E+00   -2.58225889E+00
     6.78757458E-01   -7.45804184E+00   -9.91671723E+00   -2.45315369E+00
     6.87044056E-01   -6.96567870E+00   -1.00184232E+01   -2.81734808E+00
     6.94430135E-01   -6.14085704E+00   -1.01007771E+01   -3.46800114E+00
     7.00455068E-01   -6.33140464E+00   -1.02072178E+01   -3.42455459E+00
     7.06652885E-01   -6.48042971E+00   -1.02986994E+01   -3.32124799E+00
     7.12961483E-01   -7.29670218E+00   -1.03933172E+01   -3.11543687E+00
     7.20333811E-01   -6.24939652E+00   -1.04984698E+01   -3.65783578E+00
     7.26110103E-01   -6.52476278E+00   -1.05861953E+01   -3.65160727E+00
     7.32183293E-01   -7.29098710E+00   -1.06927594E+01   -3.52221393E+00
     7.39227822E-01   -7.25532025E+00   -1.07875848E+01   -3.57053352E+00
     7.46126456E-01   -6.58936401E+00   -1.08822409E+01   -3.69346184E+00
     7.52030452E-01   -6.87729781E+00   -1.09734972E+01   -3.97995243E+00
     7.58246627E-01   -7.10078084E+00   -1.10840589E+01   -3.77927432E+00
     7.64684642E-01   -7.24052432E+00   -1.11785118E+01   -3.67300602E+00
     7.71232291E-01   -6.16715191E+00   -1.12731220E+01   -4.50752846E+00
     7.76297039E-01   -7.40495513E+00   -1.13714135E+01   -3.67528782E+00
     7.82925133E-01   -6.67824895E+00   -1.14712702E+01   -4.88471216E+00
     7.88543900E-01   -7.12579595E+00   -1.15815621E+01   -4.09687250E+00
     7.94686947E-01   -7.62254302E+00   -1.16814585E+01   -3.70106328E+00
     8.01413737E-01   -6.38874732E+00   -1.17825342E+01   -4.76947602E+00
     8.06508914E-01   -7.27243011E+00   -1.18866742E+01   -4.39621554E+00
     8.12692818E-01   -8.00429498E+00   -1.20063586E+01   -3.86466690E+00
     8.19764835E-01   -8.02861630E+00   -1.21112951E+01   -4.10395514E+00
     8.26824302E-01   -8.81456677E+00   -1.22162172E+01   -3.63724917E+00
     8.34840039E-01   -7.97273201E+00   -1.23230822E+01   -4.18735187E+00
     8.41753100E-01   -7.66514901E+00   -1.24363783E+01   -4.35953511E+00
     8.48247208E-01   -8.21134314E+00   -1.25576960E+01   -3.92544912E+00
     8.55403893E-01   -8.27669817E+00   -1.26819833E+01   -3.81304182E+00
     8.62613748E-01   -8.18634329E+00   -1.28011504E+01   -4.61881853E+00
     8.69679024E-01   -7.91056136E+00   -1.29247260E+01   -4.31191177E+00
     8.76360827E-01   -9.12374549E+00   -1.30566574E+01   -3.81205059E+00
     8.84518457E-01   -9.08596788E+00   -1.31886931E+01   -3.65174576E+00
     8.92533109E-01   -1.04329557E+01   -1.33299283E+01   -3.28668829E+00
     9.02014763E-01   -1.03298662E+01   -1.34940881E+01   -2.82708927E+00
     9.10889319E-01   -9.74019429E+00   -1.37241280E+01   -3.41730116E+00
     9.17340896E-01   -1.18700303E+01   -1.37281590E+01   -1.29052963E+00
     9.22143559E-01   -1.02311412E+01   -1.35559230E+01   -3.26465251E+00
     9.24481412E-01   -9.13675473E+00   -1.36618361E+01   -4.52658851E+00
     9.26377051E-01   -9.66918442E+00   -1.38298675E+01   -4.16068308E+00
     9.28559697E-01   -9.48682276E+00   -1.40598811E+01   -4.57305831E+00
     9.30910530E-01   -8.42165812E+00   -1.43651147E+01   -5.95532922E+00
     9.33180654E-01   -8.79271828E+00   -1.47834068E+01   -5.99068852E+00
     9.36090486E-01   -1.03734065E+01   -1.53801946E+01   -5.00678805E+00
     9.40829954E-01   -1.01527638E+01   -1.62276619E+01   -6.07489819E+00
     9.47601844E-01   -9.65208449E+00   -1.55277329E+01   -5.94880290E+00
     9.63162790E-01   -1.36149041E+01   -1.85306389E+01   -4.94551132E+00
     1.00000000E+00
